(Symbol 02_dendrite__direct_drive__lin_ramp);
($Id:$);
(PHYSICAL);
(RESOLUTION 1000);
9 02_dendrite__direct_drive__lin_ramp;
DS 0 1 1;
DF;
E
(ELECTRICAL);
(RESOLUTION 1000);
5 7102 (||2:-15000 9000||) (||2:9000 11000||) (||2:11000 9000||) (||2:11000 11000||) (||2:21000 9000||) (||2:21000 11000||) (||2:31000 9000||) (||2:31000 11000||) (||1:9000 -2000||) (||1:-2000 9000||) (||1:19000 -2000||) (||1:29000 -2000||) (||1:10000 10000||) (||1:20000 10000||) (||1:30000 10000||);
5 7101 tran 0.1p 23n;
5 14 1 L 4 L 5 1;
5 11 X 0 subckt;
9 02_dendrite__direct_drive__lin_ramp;
DS 0 1 1;
(SymbolCall gnd);
5 10 0 0 5000 32000;
1 Bound 2400 31000 5000 33000;
( Rotate 270 );
9 gnd;
C 0 R 0 -1 T 4000 33000;
(SymbolCall gnd);
5 10 0 0 27000 32000;
1 Bound 27000 31000 29600 33000;
( Rotate 90 );
9 gnd;
C 0 R 0 1 T 28000 31000;
(SymbolCall gnd);
5 10 0 0 -16000 20000;
1 Bound -17000 20000 -15000 22600;
( Rotate 180 );
9 gnd;
C 0 R -1 0 T -15000 21000;
(SymbolCall gnd);
5 10 0 0 10000 20000;
1 Bound 9000 20000 11000 22600;
( Rotate 180 );
9 gnd;
C 0 R -1 0 T 11000 21000;
(SymbolCall gnd);
5 10 0 0 20000 20000;
1 Bound 19000 20000 21000 22600;
( Rotate 180 );
9 gnd;
C 0 R -1 0 T 21000 21000;
(SymbolCall gnd);
5 10 0 0 30000 20000;
1 Bound 29000 20000 31000 22600;
( Rotate 180 );
9 gnd;
C 0 R -1 0 T 31000 21000;
(SymbolCall gnd);
5 10 0 0 -16000 0;
1 Bound -17000 -2600 -15000 0;
9 gnd;
C 0 T -17000 -1000;
(SymbolCall gnd);
5 10 0 0 -10000 -10000;
1 Bound -11000 -12600 -9000 -10000;
9 gnd;
C 0 T -11000 -11000;
(SymbolCall gnd);
5 10 0 0 20000 -10000;
1 Bound 19000 -12600 21000 -10000;
9 gnd;
C 0 T 19000 -11000;
(SymbolCall gnd);
5 10 0 0 30000 -10000;
1 Bound 29000 -12600 31000 -10000;
9 gnd;
C 0 T 29000 -11000;
(SymbolCall ind);
5 10 7 1 0 10000 L0-;
5 10 3 0 10000 10000 L0+;
5 15 9000 11000 -1 0;
5 2 1f;
5 11 L 0;
1 Bound 0 10000 10000 11500;
( Rotate 90 );
9 ind;
C 0 MY R 0 1 T 0 9000;
(SymbolCall ind);
5 10 4 1 20000 10000 L1-;
5 10 3 0 10000 10000 L1+;
5 15 11000 11000 1 0;
5 2 200p;
5 11 L 1;
1 Bound 10000 10000 20000 11500;
( Rotate 90 );
9 ind;
C 0 R 0 1 T 20000 9000;
(SymbolCall ind);
5 10 5 1 30000 10000 L2-;
5 10 4 0 20000 10000 L2+;
5 15 21000 11000 1 0;
5 2 77.5p;
5 11 L 2;
1 Bound 20000 10000 30000 11500;
( Rotate 90 );
9 ind;
C 0 R 0 1 T 30000 9000;
(SymbolCall ind);
5 10 8 1 40000 10000 L3-;
5 10 5 0 30000 10000 L3+;
5 15 31000 11000 1 0;
5 2 1f;
5 11 L 3;
1 Bound 30000 10000 40000 11500;
( Rotate 90 );
9 ind;
C 0 R 0 1 T 40000 9000;
(SymbolCall ind);
5 10 0 1 -16000 0 L4-;
5 10 2 0 -16000 10000 L4+;
5 15 -15000 9000 0 -1;
5 2 200p;
5 17 mutual;
5 11 L 4;
1 Bound -16000 0 -14500 10000;
9 ind;
C 0 T -17000 0;
(SymbolCall ind);
5 10 9 1 -10000 0 L5-;
5 10 6 0 -10000 10000 L5+;
5 15 -11000 9000 0 -1;
5 2 10p;
5 17 mutual;
5 11 L 5;
1 Bound -11500 0 -10000 10000;
( Rotate 180 );
9 ind;
C 0 MY R -1 0 T -9000 0;
(SymbolCall ind);
5 10 10 1 10000 0 L6-;
5 10 3 0 10000 10000 L6+;
5 15 11000 9000 0 -1;
5 2 6p;
5 11 L 6;
1 Bound 10000 0 11500 10000;
9 ind;
C 0 T 9000 0;
(SymbolCall ind);
5 10 11 1 20000 0 L7-;
5 10 4 0 20000 10000 L7+;
5 15 21000 9000 0 -1;
5 2 1f;
5 11 L 7;
1 Bound 20000 0 21500 10000;
9 ind;
C 0 T 19000 0;
(SymbolCall ind);
5 10 12 1 30000 0 L8-;
5 10 5 0 30000 10000 L8+;
5 15 31000 9000 0 -1;
5 2 1f;
5 11 L 8;
1 Bound 30000 0 31500 10000;
9 ind;
C 0 T 29000 0;
(SymbolCall ind);
5 2 7.75u;
5 10 13 1 40000 0 L9-;
5 10 8 0 40000 10000 L9+;
5 15 41000 9000 0 -1;
5 11 L 9;
1 Bound 40000 0 41500 10000;
9 ind;
C 0 T 39000 0;
(SymbolCall ind);
5 10 0 1 -10000 -10000 L10-;
5 10 9 0 -10000 0 L10+;
5 15 -11000 -1000 0 -1;
5 2 10p;
5 11 L 10;
1 Bound -11500 -10000 -10000 0;
( Rotate 180 );
9 ind;
C 0 MY R -1 0 T -9000 -10000;
(SymbolCall ind);
5 10 0 1 0 -10000 L11-;
5 10 14 0 10000 -10000 L11+;
5 15 9000 -11000 -1 0;
5 11 L 11;
5 2 20p;
1 Bound 0 -11500 10000 -10000;
( Rotate 270 );
9 ind;
C 0 R 0 -1 T 0 -9000;
(SymbolCall isrc);
5 2 pwl(0 0 1.0n 0 2n 18u 22n 30u);
5 10 2 1 -16000 10000 I0_1;
5 10 0 0 -16000 20000 I0_0;
5 15 -16000 14000 0 -1 @<name>[c];
5 11 I 0;
5 5 nophys;
1 Bound -18000 10000 -14000 20000;
9 isrc;
C 0 T -18000 10000;
(SymbolCall isrc);
5 10 3 1 10000 10000 I1_1;
5 10 0 0 10000 20000 I1_0;
5 15 10000 14000 0 -1 @<name>[c];
5 2 pwl(0 0 0.09n 0 0.1n 71.5u);
5 11 I 1;
5 5 nophys;
1 Bound 8000 10000 12000 20000;
9 isrc;
C 0 T 8000 10000;
(SymbolCall isrc);
5 10 4 1 20000 10000 I2_1;
5 10 0 0 20000 20000 I2_0;
5 15 20000 14000 0 -1 @<name>[c];
5 2 pwl(0 0 0.09n 0 0.1ns 36u);
5 5 nophys;
5 11 I 2;
1 Bound 18000 10000 22000 20000;
9 isrc;
C 0 T 18000 10000;
(SymbolCall isrc);
5 10 5 1 30000 10000 I3_1;
5 10 0 0 30000 20000 I3_0;
5 15 30000 14000 0 -1 @<name>[c];
5 2 pwl(0 0 0.09n 0 0.1ns 35u);
5 5 nophys;
5 11 I 3;
1 Bound 28000 10000 32000 20000;
9 isrc;
C 0 T 28000 10000;
(SymbolCall jj);
5 10 15 2 -2000 9000 B0_2;
5 10 6 1 -10000 10000 B0-;
5 10 7 0 0 10000 B0+;
5 3 area=40;
5 1 jjSFQ1;
5 11 B 0;
1 Bound -10000 8500 0 11500;
( Rotate 90 );
9 jj;
C 0 MY R 0 1 T -10000 9000;
(SymbolCall jj);
5 10 16 2 9000 -2000 B1_2;
5 10 14 1 10000 -10000 B1-;
5 10 10 0 10000 0 B1+;
5 11 B 1;
5 3 area=40;
5 1 jjSFQ1;
1 Bound 8500 -10000 11500 0;
9 jj;
C 0 T 9000 -10000;
(SymbolCall jj);
5 10 17 2 19000 -2000 B2_2;
5 10 0 1 20000 -10000 B2-;
5 10 11 0 20000 0 B2+;
5 1 jjSFQ1;
5 3 area=40;
5 11 B 2;
1 Bound 18500 -10000 21500 0;
9 jj;
C 0 T 19000 -10000;
(SymbolCall jj);
5 10 18 2 29000 -2000 B3_2;
5 10 0 1 30000 -10000 B3-;
5 10 12 0 30000 0 B3+;
5 1 jjSFQ1;
5 3 area=40;
5 11 B 3;
1 Bound 28500 -10000 31500 0;
9 jj;
C 0 T 29000 -10000;
(SymbolCall res);
5 10 0 1 5000 32000 R0-;
5 10 1 0 15000 32000 R0+;
5 15 14000 33000 -1 0 "<v>/<value>O";
5 2 1;
5 11 R 0;
1 Bound 5000 31000 15000 33250;
( Rotate 270 );
9 res;
C 0 R 0 -1 T 15000 32000;
(SymbolCall res);
5 10 0 1 40000 -10000 R1-;
5 10 13 0 40000 0 R1+;
5 15 39000 -1000 0 -1 "<v>/<value>O";
5 2 R=v(1)+1e-6;
5 11 R 1;
1 Bound 38750 -10000 41000 0;
9 res;
C 0 T 40000 0;
(SymbolCall vsrc);
5 10 0 1 27000 32000 V0_1;
5 10 1 0 17000 32000 V0_0;
5 15 21000 32000 1 0;
5 2 pwl(0 1e5 0.2ns 1e5 0.3ns 0);
5 5 nophys;
5 11 V 0;
1 Bound 17000 30000 27000 34000;
( Rotate 90 );
9 vsrc;
C 0 R 0 1 T 27000 30000;
L SCED;
5 10 1;
W2 0 15000 32000 17000 32000;
5 10 0;
W2 0 0 -10000 -10000 -10000;
5 10 0;
W2 0 40000 -10000 30000 -10000;
L NAME;
5 16 V 0 11;
94 <<V0>> 17250 34250 0 1275 1000;
5 16 R 0 11;
94 <<R0>> 5250 33500 0 1275 1000;
5 16 I 0 11;
94 <<I0>> -18250 18750 320 975 1000;
5 16 I 1 11;
94 <<I1>> 7750 18750 320 750 1000;
5 16 I 2 11;
94 <<I2>> 17750 18750 320 975 1000;
5 16 I 3 11;
94 <<I3>> 27750 18750 320 975 1000;
5 16 L 0 11;
94 <<L0>> 4250 11750 0 1275 1000;
5 16 L 1 11;
94 <<L1>> 10250 11750 0 1050 1000;
5 16 L 2 11;
94 <<L2>> 20250 11750 0 1275 1000;
5 16 L 3 11;
94 <<L3>> 30250 11750 0 1275 1000;
5 16 B 0 11;
94 <<B0>> -7750 9750 0 1275 1000;
5 16 L 4 11;
94 <<L4>> -16250 8750 320 1275 1000;
5 16 L 9 11;
94 <<L9>> 39750 8750 320 1275 1000;
5 16 L 5 11;
94 <<L5>> -8750 5750 320 1275 1000;
5 16 L 6 11;
94 <<L6>> 9750 5750 320 1275 1000;
5 16 L 7 11;
94 <<L7>> 19750 5750 320 1275 1000;
5 16 L 8 11;
94 <<L8>> 29750 5750 320 1275 1000;
5 16 B 1 11;
94 <<B1>> 8250 -4250 320 1050 1000;
5 16 B 2 11;
94 <<B2>> 18250 -4250 320 1275 1000;
5 16 B 3 11;
94 <<B3>> 28250 -4250 320 1275 1000;
5 16 R 1 11;
94 <<R1>> 38500 -4250 320 1050 1000;
5 16 L 10 11;
94 <<L10>> -9250 -6250 326 1650 1000;
5 16 L 11 11;
94 <<L11>> 1250 -9750 0 1425 1000;
L MODL;
5 16 B 0 1;
94 <<jjSFQ1>> -3250 8250 320 3300 1000;
5 16 B 1 1;
94 <<jjSFQ1>> 11750 -4250 256 3300 1000;
5 16 B 2 1;
94 <<jjSFQ1>> 21750 -4250 256 3300 1000;
5 16 B 3 1;
94 <<jjSFQ1>> 31750 -4250 256 3300 1000;
L VALU;
5 16 R 0 2;
94 <<1>> 9750 30750 33088 450 1000;
5 16 V 0 2;
94 <<pwl(0 1e5 0.2ns 1e5 0.3ns 0)>> 26750 29750 33088 14775 1000;
5 16 I 3 2;
94 <<pwl(0 0 0.09n 0 0.1ns 35u)>> 24250 24750 33024 13800 1000;
5 16 I 2 2;
94 <<pwl(0 0 0.09n 0 0.1ns 36u)>> 14250 22000 33024 13800 1000;
5 16 I 0 2;
94 <<pwl(0 0 1.0n 0 2n 18u 22n 30u)>> -13750 19750 33024 16350 1000;
5 16 I 1 2;
94 <<pwl(0 0 0.09n 0 0.1n 71.5u)>> -4750 16750 33024 13800 1000;
5 16 L 0 2;
94 <<1f>> 5750 9750 33088 975 1000;
5 16 L 1 2;
94 <<200p>> 19750 9750 33088 2475 1000;
5 16 L 2 2;
94 <<77.5p>> 29750 9750 33088 2700 1000;
5 16 L 3 2;
94 <<1f>> 39750 9750 33088 975 1000;
5 16 L 9 2;
94 <<7.75u>> 41750 6750 33024 2700 1000;
5 16 L 6 2;
94 <<6p>> 11750 5750 33024 1275 1000;
5 16 L 7 2;
94 <<1f>> 21750 5750 33024 975 1000;
5 16 L 8 2;
94 <<1f>> 31750 5750 33024 975 1000;
5 16 K 1 14;
94 <<K1=1>> -14087 4500 0 1950 1000;
5 16 L 4 2;
94 <<200p>> -16750 4250 33026 2475 1000;
5 16 L 5 2;
94 <<10p>> -9750 3750 33024 1650 1000;
5 16 L 10 2;
94 <<10p>> -8750 -4250 33024 1650 1000;
5 16 R 1 2;
94 <<R=v(1)+1e-6>> 41250 -4250 33024 5550 1000;
5 16 L 11 2;
94 <<20p>> 6750 -8750 33088 1875 1000;
L PARM;
5 16 B 0 3;
94 <<area=40>> -6750 7250 33024 4200 1000;
5 16 B 1 3;
94 <<area=40>> 11750 -6750 32768 4200 1000;
5 16 B 2 3;
94 <<area=40>> 21750 -6750 32768 4200 1000;
5 16 B 3 3;
94 <<area=40>> 31750 -6750 32768 4200 1000;
DF;
E
* Generated by Xic from cell 02_dendrite__direct_drive__lin_ramp
.tran 0.1p 23n
.plot tran L4#branch L0#branch L6#branch L1#branch L7#branch L2#branch L8#branch L3#branch v(16) v(15) v(17) v(18) v(3) v(4) v(5)
B0 7 6 15 jjSFQ1 area=40
B1 10 14 16 jjSFQ1 area=40
B2 11 0 17 jjSFQ1 area=40
B3 12 0 18 jjSFQ1 area=40
I0 0 2 pwl(0 0 1.0n 0 2n 18u 22n 30u)
I1 0 3 pwl(0 0 0.09n 0 0.1n 71.5u)
I2 0 4 pwl(0 0 0.09n 0 0.1ns 36u)
I3 0 5 pwl(0 0 0.09n 0 0.1ns 35u)
K1 L4 L5 1
L0 3 7 1f
L1 3 4 200p
L2 4 5 77.5p
L3 5 8 1f
L4 2 0 200p
L5 6 9 10p
L6 3 10 6p
L7 4 11 1f
L8 5 12 1f
L9 8 13 7.75u
L10 9 0 10p
L11 14 0 20p
R0 1 0 1
R1 13 0 R=v(1)+1e-6
V0 1 0 pwl(0 1e5 0.2ns 1e5 0.3ns 0)
.model jjSFQ1 jj(rtype=0, cct=1, vg=2.8m, icrit=1u, cap= 5f, vshunt=0.25mV)
.save @I0[c]
.save @I1[c]
.save @I2[c]
.save @I3[c]
