(Symbol 04_2si_di_symmetrical_coincidence);
($Id:$);
(PHYSICAL);
(RESOLUTION 1000);
9 04_2si_di_symmetrical_coincidence;
DS 0 1 1;
DF;
E
(ELECTRICAL);
(RESOLUTION 1000);
5 7102 (||1:-73000 0||) (||2:-13000 9000||) (||1:-73000 -37498||) (||2:-13000 -29000||) (||2:11000 9000||) (||2:9000 11000||) (||1:9000 -2000||) (||1:-2000 9000||) (||1:10000 10000||) (||2:21000 9000||) (||2:31000 9000||) (||1:19000 -2000||) (||1:29000 -2000||) (||2:41000 9000||);
5 7101 tran 1p 280n;
5 14 1 L 26 L 27 1;
5 14 2 L 12 L 13 1;
5 11 X 0 subckt;
9 04_2si_di_symmetrical_coincidence;
DS 0 1 1;
(SymbolCall gnd);
5 10 0 0 -60000 30000;
1 Bound -62600 29000 -60000 31000;
( Rotate 270 );
9 gnd;
C 0 R 0 -1 T -61000 31000;
(SymbolCall gnd);
5 10 0 0 -38000 30000;
1 Bound -38000 29000 -35400 31000;
( Rotate 90 );
9 gnd;
C 0 R 0 1 T -37000 29000;
(SymbolCall gnd);
5 10 0 0 -64000 20000;
1 Bound -65000 20000 -63000 22600;
9 gnd;
C 0 MY T -65000 21000;
(SymbolCall gnd);
5 10 0 0 -44000 20000;
1 Bound -45000 20000 -43000 22600;
9 gnd;
C 0 MY T -45000 21000;
(SymbolCall gnd);
5 10 0 0 -34000 20000;
1 Bound -35000 20000 -33000 22600;
9 gnd;
C 0 MY T -35000 21000;
(SymbolCall gnd);
5 10 0 0 -24000 20000;
1 Bound -25000 20000 -23000 22600;
9 gnd;
C 0 MY T -25000 21000;
(SymbolCall gnd);
5 10 0 0 10000 20000;
1 Bound 9000 20000 11000 22600;
( Rotate 180 );
9 gnd;
C 0 R -1 0 T 11000 21000;
(SymbolCall gnd);
5 10 0 0 20000 20000;
1 Bound 19000 20000 21000 22600;
( Rotate 180 );
9 gnd;
C 0 R -1 0 T 21000 21000;
(SymbolCall gnd);
5 10 0 0 30000 20000;
1 Bound 29000 20000 31000 22600;
( Rotate 180 );
9 gnd;
C 0 R -1 0 T 31000 21000;
(SymbolCall gnd);
5 10 0 0 -73000 12000;
1 Bound -74000 12000 -72000 14600;
( Rotate 180 );
9 gnd;
C 0 R -1 0 T -72000 13000;
(SymbolCall gnd);
5 10 0 0 -73000 -10000;
1 Bound -74000 -12600 -72000 -10000;
9 gnd;
C 0 T -74000 -11000;
(SymbolCall gnd);
5 10 0 0 -64000 -10000;
1 Bound -65000 -12600 -63000 -10000;
9 gnd;
C 0 T -65000 -11000;
(SymbolCall gnd);
5 10 0 0 -44000 -10000;
1 Bound -45000 -12600 -43000 -10000;
9 gnd;
C 0 T -45000 -11000;
(SymbolCall gnd);
5 10 0 0 -34000 -10000;
1 Bound -35000 -12600 -33000 -10000;
9 gnd;
C 0 T -35000 -11000;
(SymbolCall gnd);
5 10 0 0 -24000 -10000;
1 Bound -25000 -12600 -23000 -10000;
9 gnd;
C 0 T -25000 -11000;
(SymbolCall gnd);
5 10 0 0 20000 -10000;
1 Bound 19000 -12600 21000 -10000;
9 gnd;
C 0 T 19000 -11000;
(SymbolCall gnd);
5 10 0 0 30000 -10000;
1 Bound 29000 -12600 31000 -10000;
9 gnd;
C 0 T 29000 -11000;
(SymbolCall gnd);
5 10 0 0 -64000 -18000;
1 Bound -65000 -18000 -63000 -15400;
9 gnd;
C 0 MY T -65000 -17000;
(SymbolCall gnd);
5 10 0 0 -44000 -18000;
1 Bound -45000 -18000 -43000 -15400;
9 gnd;
C 0 MY T -45000 -17000;
(SymbolCall gnd);
5 10 0 0 -34000 -18000;
1 Bound -35000 -18000 -33000 -15400;
9 gnd;
C 0 MY T -35000 -17000;
(SymbolCall gnd);
5 10 0 0 -24000 -18000;
1 Bound -25000 -18000 -23000 -15400;
9 gnd;
C 0 MY T -25000 -17000;
(SymbolCall gnd);
5 10 0 0 -73000 -26000;
1 Bound -74000 -26000 -72000 -23400;
( Rotate 180 );
9 gnd;
C 0 R -1 0 T -72000 -25000;
(SymbolCall gnd);
5 10 0 0 -73000 -48000;
1 Bound -74000 -50600 -72000 -48000;
9 gnd;
C 0 T -74000 -49000;
(SymbolCall gnd);
5 10 0 0 -64000 -48000;
1 Bound -65000 -50600 -63000 -48000;
9 gnd;
C 0 T -65000 -49000;
(SymbolCall gnd);
5 10 0 0 -44000 -48000;
1 Bound -45000 -50600 -43000 -48000;
9 gnd;
C 0 T -45000 -49000;
(SymbolCall gnd);
5 10 0 0 -34000 -48000;
1 Bound -35000 -50600 -33000 -48000;
9 gnd;
C 0 T -35000 -49000;
(SymbolCall gnd);
5 10 0 0 -24000 -48000;
1 Bound -25000 -50600 -23000 -48000;
9 gnd;
C 0 T -25000 -49000;
(SymbolCall gnd);
5 10 0 0 -10000 -51000;
1 Bound -12600 -52000 -10000 -50000;
( Rotate 270 );
9 gnd;
C 0 R 0 -1 T -11000 -50000;
(SymbolCall ind);
5 10 9 1 -44000 10000 L0-;
5 10 15 0 -54000 10000 L0+;
5 15 -53000 11000 1 0;
5 11 L 0;
5 2 1f;
1 Bound -54000 10000 -44000 11500;
( Rotate 90 );
9 ind;
C 0 R 0 1 T -44000 9000;
(SymbolCall ind);
5 10 10 1 -34000 10000 L1-;
5 10 9 0 -44000 10000 L1+;
5 15 -43000 11000 1 0;
5 2 77.5p;
5 11 L 1;
1 Bound -44000 10000 -34000 11500;
( Rotate 90 );
9 ind;
C 0 R 0 1 T -34000 9000;
(SymbolCall ind);
5 10 11 1 -24000 10000 L2-;
5 10 10 0 -34000 10000 L2+;
5 15 -33000 11000 1 0;
5 2 77.5p;
5 11 L 2;
1 Bound -34000 10000 -24000 11500;
( Rotate 90 );
9 ind;
C 0 R 0 1 T -24000 9000;
(SymbolCall ind);
5 2 7.45n;
5 10 16 1 -14000 10000 L3-;
5 10 11 0 -24000 10000 L3+;
5 15 -23000 11000 1 0;
5 11 L 3;
1 Bound -24000 10000 -14000 11500;
( Rotate 90 );
9 ind;
C 0 R 0 1 T -14000 9000;
(SymbolCall ind);
5 10 18 1 0 10000 L4-;
5 10 12 0 10000 10000 L4+;
5 15 9000 11000 -1 0;
5 2 1f;
5 11 L 4;
1 Bound 0 10000 10000 11500;
( Rotate 90 );
9 ind;
C 0 MY R 0 1 T 0 9000;
(SymbolCall ind);
5 10 13 1 20000 10000 L5-;
5 10 12 0 10000 10000 L5+;
5 15 11000 11000 1 0;
5 2 200p;
5 11 L 5;
1 Bound 10000 10000 20000 11500;
( Rotate 90 );
9 ind;
C 0 R 0 1 T 20000 9000;
(SymbolCall ind);
5 10 14 1 30000 10000 L6-;
5 10 13 0 20000 10000 L6+;
5 15 21000 11000 1 0;
5 2 77.5p;
5 11 L 6;
1 Bound 20000 10000 30000 11500;
( Rotate 90 );
9 ind;
C 0 R 0 1 T 30000 9000;
(SymbolCall ind);
5 10 19 1 40000 10000 L7-;
5 10 14 0 30000 10000 L7+;
5 15 31000 11000 1 0;
5 2 1f;
5 11 L 7;
1 Bound 30000 10000 40000 11500;
( Rotate 90 );
9 ind;
C 0 R 0 1 T 40000 9000;
(SymbolCall ind);
5 10 20 1 -64000 0 L8-;
5 10 8 0 -64000 10000 L8+;
5 15 -65000 9000 0 -1;
5 2 250n;
5 11 L 8;
1 Bound -65500 0 -64000 10000;
( Rotate 180 );
9 ind;
C 0 MY R -1 0 T -63000 0;
(SymbolCall ind);
5 2 1f;
5 10 21 1 -44000 0 L9-;
5 10 9 0 -44000 10000 L9+;
5 15 -43000 9000 0 -1;
5 11 L 9;
1 Bound -44000 0 -42500 10000;
9 ind;
C 0 T -45000 0;
(SymbolCall ind);
5 2 1f;
5 10 22 1 -34000 0 L10-;
5 10 10 0 -34000 10000 L10+;
5 15 -33000 9000 0 -1;
5 11 L 10;
1 Bound -34000 0 -32500 10000;
9 ind;
C 0 T -35000 0;
(SymbolCall ind);
5 2 1f;
5 10 23 1 -24000 0 L11-;
5 10 11 0 -24000 10000 L11+;
5 15 -23000 9000 0 -1;
5 11 L 11;
1 Bound -24000 0 -22500 10000;
9 ind;
C 0 T -25000 0;
(SymbolCall ind);
5 2 300p;
5 10 3 1 -14000 0 L12-;
5 10 16 0 -14000 10000 L12+;
5 15 -13000 9000 0 -1;
5 17 mutual;
5 11 L 12;
1 Bound -14000 0 -12500 10000;
9 ind;
C 0 T -15000 0;
(SymbolCall ind);
5 10 4 1 -10000 0 L13-;
5 10 17 0 -10000 10000 L13+;
5 15 -11000 9000 0 -1;
5 2 10p;
5 17 mutual;
5 11 L 13;
1 Bound -11500 0 -10000 10000;
( Rotate 180 );
9 ind;
C 0 MY R -1 0 T -9000 0;
(SymbolCall ind);
5 10 24 1 10000 0 L14-;
5 10 12 0 10000 10000 L14+;
5 15 11000 9000 0 -1;
5 2 6p;
5 11 L 14;
1 Bound 10000 0 11500 10000;
9 ind;
C 0 T 9000 0;
(SymbolCall ind);
5 10 25 1 20000 0 L15-;
5 10 13 0 20000 10000 L15+;
5 15 21000 9000 0 -1;
5 2 1f;
5 11 L 15;
1 Bound 20000 0 21500 10000;
9 ind;
C 0 T 19000 0;
(SymbolCall ind);
5 10 26 1 30000 0 L16-;
5 10 14 0 30000 10000 L16+;
5 15 31000 9000 0 -1;
5 2 1f;
5 11 L 16;
1 Bound 30000 0 31500 10000;
9 ind;
C 0 T 29000 0;
(SymbolCall ind);
5 2 260n;
5 10 27 1 40000 0 L17-;
5 10 19 0 40000 10000 L17+;
5 15 41000 9000 0 -1;
5 11 L 17;
1 Bound 40000 0 41500 10000;
9 ind;
C 0 T 39000 0;
(SymbolCall ind);
5 10 29 1 -44000 -28000 L18-;
5 10 32 0 -54000 -28000 L18+;
5 15 -53000 -27000 1 0;
5 2 1f;
5 11 L 18;
1 Bound -54000 -28000 -44000 -26500;
( Rotate 90 );
9 ind;
C 0 R 0 1 T -44000 -29000;
(SymbolCall ind);
5 10 30 1 -34000 -28000 L19-;
5 10 29 0 -44000 -28000 L19+;
5 15 -43000 -27000 1 0;
5 2 77.5p;
5 11 L 19;
1 Bound -44000 -28000 -34000 -26500;
( Rotate 90 );
9 ind;
C 0 R 0 1 T -34000 -29000;
(SymbolCall ind);
5 10 31 1 -24000 -28000 L20-;
5 10 30 0 -34000 -28000 L20+;
5 15 -33000 -27000 1 0;
5 2 77.5p;
5 11 L 20;
1 Bound -34000 -28000 -24000 -26500;
( Rotate 90 );
9 ind;
C 0 R 0 1 T -24000 -29000;
(SymbolCall ind);
5 2 7.45n;
5 10 33 1 -14000 -28000 L21-;
5 10 31 0 -24000 -28000 L21+;
5 15 -23000 -27000 1 0;
5 11 L 21;
1 Bound -24000 -28000 -14000 -26500;
( Rotate 90 );
9 ind;
C 0 R 0 1 T -14000 -29000;
(SymbolCall ind);
5 10 34 1 -64000 -38000 L22-;
5 10 28 0 -64000 -28000 L22+;
5 15 -65000 -29000 0 -1;
5 2 250n;
5 11 L 22;
1 Bound -65500 -38000 -64000 -28000;
( Rotate 180 );
9 ind;
C 0 MY R -1 0 T -63000 -38000;
(SymbolCall ind);
5 2 1f;
5 10 35 1 -44000 -38000 L23-;
5 10 29 0 -44000 -28000 L23+;
5 15 -43000 -29000 0 -1;
5 11 L 23;
1 Bound -44000 -38000 -42500 -28000;
9 ind;
C 0 T -45000 -38000;
(SymbolCall ind);
5 2 1f;
5 10 36 1 -34000 -38000 L24-;
5 10 30 0 -34000 -28000 L24+;
5 15 -33000 -29000 0 -1;
5 11 L 24;
1 Bound -34000 -38000 -32500 -28000;
9 ind;
C 0 T -35000 -38000;
(SymbolCall ind);
5 2 1f;
5 10 37 1 -24000 -38000 L25-;
5 10 31 0 -24000 -28000 L25+;
5 15 -23000 -29000 0 -1;
5 11 L 25;
1 Bound -24000 -38000 -22500 -28000;
9 ind;
C 0 T -25000 -38000;
(SymbolCall ind);
5 2 300p;
5 10 7 1 -14000 -38000 L26-;
5 10 33 0 -14000 -28000 L26+;
5 15 -13000 -29000 0 -1;
5 17 mutual;
5 11 L 26;
1 Bound -14000 -38000 -12500 -28000;
9 ind;
C 0 T -15000 -38000;
(SymbolCall ind);
5 10 0 1 -10000 -38000 L27-;
5 10 4 0 -10000 -28000 L27+;
5 15 -11000 -29000 0 -1;
5 2 10p;
5 17 mutual;
5 11 L 27;
1 Bound -11500 -38000 -10000 -28000;
( Rotate 180 );
9 ind;
C 0 MY R -1 0 T -9000 -38000;
(SymbolCall ind);
5 10 0 1 0 -51000 L28-;
5 10 5 0 10000 -51000 L28+;
5 15 9000 -52000 -1 0;
5 2 20p;
5 11 L 28;
1 Bound 0 -52500 10000 -51000;
( Rotate 270 );
9 ind;
C 0 R 0 -1 T 0 -50000;
(SymbolCall isrc);
5 10 8 1 -64000 10000 I0_1;
5 10 0 0 -64000 20000 I0_0;
5 15 -64000 14000 0 -1 @<name>[c];
5 5 nophys;
5 11 I 0;
5 2 10u;
1 Bound -66000 10000 -62000 20000;
( Rotate 180 );
9 isrc;
C 0 MY R -1 0 T -62000 10000;
(SymbolCall isrc);
5 2 pwl(0 0 1.9ns 0 2ns 39u);
5 10 9 1 -44000 10000 I1_1;
5 10 0 0 -44000 20000 I1_0;
5 15 -44000 14000 0 -1 @<name>[c];
5 11 I 1;
5 5 nophys;
1 Bound -46000 10000 -42000 20000;
( Rotate 180 );
9 isrc;
C 0 MY R -1 0 T -42000 10000;
(SymbolCall isrc);
5 10 10 1 -34000 10000 I2_1;
5 10 0 0 -34000 20000 I2_0;
5 15 -34000 14000 0 -1 @<name>[c];
5 2 pwl(0 0 1.9ns 0 2ns 25u);
5 11 I 2;
5 5 nophys;
1 Bound -36000 10000 -32000 20000;
( Rotate 180 );
9 isrc;
C 0 MY R -1 0 T -32000 10000;
(SymbolCall isrc);
5 10 11 1 -24000 10000 I3_1;
5 10 0 0 -24000 20000 I3_0;
5 15 -24000 14000 0 -1 @<name>[c];
5 2 pwl(0 0 1.9ns 0 2ns 30u);
5 11 I 3;
5 5 nophys;
1 Bound -26000 10000 -22000 20000;
( Rotate 180 );
9 isrc;
C 0 MY R -1 0 T -22000 10000;
(SymbolCall isrc);
5 2 pwl(0 0 0.9n 0 1ns 72u);
5 10 12 1 10000 10000 I4_1;
5 10 0 0 10000 20000 I4_0;
5 15 10000 14000 0 -1 @<name>[c];
5 11 I 4;
5 5 nophys;
1 Bound 8000 10000 12000 20000;
9 isrc;
C 0 T 8000 10000;
(SymbolCall isrc);
5 10 13 1 20000 10000 I5_1;
5 10 0 0 20000 20000 I5_0;
5 15 20000 14000 0 -1 @<name>[c];
5 2 pwl(0 0 0.9n 0 1ns 29u);
5 5 nophys;
5 11 I 5;
1 Bound 18000 10000 22000 20000;
9 isrc;
C 0 T 18000 10000;
(SymbolCall isrc);
5 10 14 1 30000 10000 I6_1;
5 10 0 0 30000 20000 I6_0;
5 15 30000 14000 0 -1 @<name>[c];
5 2 pwl(0 0 0.9n 0 1ns 35u);
5 5 nophys;
5 11 I 6;
1 Bound 28000 10000 32000 20000;
9 isrc;
C 0 T 28000 10000;
(SymbolCall isrc);
5 10 28 1 -64000 -28000 I7_1;
5 10 0 0 -64000 -18000 I7_0;
5 15 -64000 -24000 0 -1 @<name>[c];
5 11 I 7;
5 2 10u;
5 5 nophys;
1 Bound -66000 -28000 -62000 -18000;
( Rotate 180 );
9 isrc;
C 0 MY R -1 0 T -62000 -28000;
(SymbolCall isrc);
5 10 29 1 -44000 -28000 I8_1;
5 10 0 0 -44000 -18000 I8_0;
5 15 -44000 -24000 0 -1 @<name>[c];
5 2 pwl(0 0 1.9ns 0 2ns 39u);
5 5 nophys;
5 11 I 8;
1 Bound -46000 -28000 -42000 -18000;
( Rotate 180 );
9 isrc;
C 0 MY R -1 0 T -42000 -28000;
(SymbolCall isrc);
5 10 30 1 -34000 -28000 I9_1;
5 10 0 0 -34000 -18000 I9_0;
5 15 -34000 -24000 0 -1 @<name>[c];
5 2 pwl(0 0 1.9ns 0 2ns 25u);
5 5 nophys;
5 11 I 9;
1 Bound -36000 -28000 -32000 -18000;
( Rotate 180 );
9 isrc;
C 0 MY R -1 0 T -32000 -28000;
(SymbolCall isrc);
5 10 31 1 -24000 -28000 I10_1;
5 10 0 0 -24000 -18000 I10_0;
5 15 -24000 -24000 0 -1 @<name>[c];
5 2 pwl(0 0 1.9ns 0 2ns 30u);
5 5 nophys;
5 11 I 10;
1 Bound -26000 -28000 -22000 -18000;
( Rotate 180 );
9 isrc;
C 0 MY R -1 0 T -22000 -28000;
(SymbolCall jj);
5 10 38 2 -2000 9000 B0_2;
5 10 17 1 -10000 10000 B0-;
5 10 18 0 0 10000 B0+;
5 3 area=40;
5 1 jjSFQ1;
5 11 B 0;
1 Bound -10000 8500 0 11500;
( Rotate 90 );
9 jj;
C 0 MY R 0 1 T -10000 9000;
(SymbolCall jj);
5 10 39 2 -43000 -2000 B1_2;
5 10 0 1 -44000 -10000 B1-;
5 10 21 0 -44000 0 B1+;
5 11 B 1;
5 1 jjSFQ1;
5 3 area=40;
1 Bound -45500 -10000 -42500 0;
( Rotate 180 );
9 jj;
C 0 MY R -1 0 T -43000 -10000;
(SymbolCall jj);
5 10 40 2 -33000 -2000 B2_2;
5 10 0 1 -34000 -10000 B2-;
5 10 22 0 -34000 0 B2+;
5 11 B 2;
5 1 jjSFQ1;
5 3 area=40;
1 Bound -35500 -10000 -32500 0;
( Rotate 180 );
9 jj;
C 0 MY R -1 0 T -33000 -10000;
(SymbolCall jj);
5 10 41 2 -23000 -2000 B3_2;
5 10 0 1 -24000 -10000 B3-;
5 10 23 0 -24000 0 B3+;
5 11 B 3;
5 1 jjSFQ1;
5 3 area=40;
1 Bound -25500 -10000 -22500 0;
( Rotate 180 );
9 jj;
C 0 MY R -1 0 T -23000 -10000;
(SymbolCall jj);
5 10 42 2 9000 -2000 B4_2;
5 10 5 1 10000 -10000 B4-;
5 10 24 0 10000 0 B4+;
5 11 B 4;
5 3 area=40;
5 1 jjSFQ1;
1 Bound 8500 -10000 11500 0;
9 jj;
C 0 T 9000 -10000;
(SymbolCall jj);
5 10 43 2 19000 -2000 B5_2;
5 10 0 1 20000 -10000 B5-;
5 10 25 0 20000 0 B5+;
5 1 jjSFQ1;
5 3 area=40;
5 11 B 5;
1 Bound 18500 -10000 21500 0;
9 jj;
C 0 T 19000 -10000;
(SymbolCall jj);
5 10 44 2 29000 -2000 B6_2;
5 10 0 1 30000 -10000 B6-;
5 10 26 0 30000 0 B6+;
5 1 jjSFQ1;
5 3 area=40;
5 11 B 6;
1 Bound 28500 -10000 31500 0;
9 jj;
C 0 T 29000 -10000;
(SymbolCall jj);
5 10 45 2 -43000 -40000 B7_2;
5 10 0 1 -44000 -48000 B7-;
5 10 35 0 -44000 -38000 B7+;
5 3 area=40;
5 1 jjSFQ1;
5 11 B 7;
1 Bound -45500 -48000 -42500 -38000;
( Rotate 180 );
9 jj;
C 0 MY R -1 0 T -43000 -48000;
(SymbolCall jj);
5 10 46 2 -33000 -40000 B8_2;
5 10 0 1 -34000 -48000 B8-;
5 10 36 0 -34000 -38000 B8+;
5 3 area=40;
5 1 jjSFQ1;
5 11 B 8;
1 Bound -35500 -48000 -32500 -38000;
( Rotate 180 );
9 jj;
C 0 MY R -1 0 T -33000 -48000;
(SymbolCall jj);
5 10 47 2 -23000 -40000 B9_2;
5 10 0 1 -24000 -48000 B9-;
5 10 37 0 -24000 -38000 B9+;
5 3 area=40;
5 1 jjSFQ1;
5 11 B 9;
1 Bound -25500 -48000 -22500 -38000;
( Rotate 180 );
9 jj;
C 0 MY R -1 0 T -23000 -48000;
(SymbolCall res);
5 10 0 1 -60000 30000 R0-;
5 10 1 0 -50000 30000 R0+;
5 15 -51000 31000 -1 0 "<v>/<value>O";
5 11 R 0;
5 2 1;
1 Bound -60000 29000 -50000 31250;
( Rotate 270 );
9 res;
C 0 R 0 -1 T -50000 30000;
(SymbolCall res);
5 10 15 1 -54000 10000 R1-;
5 10 8 0 -64000 10000 R1+;
5 15 -63000 9000 1 0 "<v>/<value>O";
5 2 R=v(1)+18.75;
5 11 R 1;
1 Bound -64000 8750 -54000 11000;
( Rotate 90 );
9 res;
C 0 R 0 1 T -64000 10000;
(SymbolCall res);
5 10 0 1 -73000 -10000 R2-;
5 10 2 0 -73000 0 R2+;
5 15 -74000 -1000 0 -1 "<v>/<value>O";
5 11 R 2;
5 2 1;
1 Bound -74250 -10000 -72000 0;
9 res;
C 0 T -73000 0;
(SymbolCall res);
5 10 0 1 -64000 -10000 R3-;
5 10 20 0 -64000 0 R3+;
5 15 -65000 -1000 0 -1 "<v>/<value>O";
5 11 R 3;
5 2 R=v(2)+1e-6;
1 Bound -65250 -10000 -63000 0;
9 res;
C 0 T -64000 0;
(SymbolCall res);
5 2 R=v(1)+2.60e-0;
5 10 0 1 40000 -10000 R4-;
5 10 27 0 40000 0 R4+;
5 15 39000 -1000 0 -1 "<v>/<value>O";
5 11 R 4;
1 Bound 38750 -10000 41000 0;
9 res;
C 0 T 40000 0;
(SymbolCall res);
5 10 0 1 -24000 -10000 R5-;
5 10 3 0 -14000 -10000 R5+;
5 15 -15000 -11000 -1 0 "<v>/<value>O";
5 2 R=v(8)+7.75e-2;
5 11 R 5;
1 Bound -24000 -11250 -14000 -9000;
( Rotate 90 );
9 res;
C 0 MY R 0 1 T -14000 -10000;
(SymbolCall res);
5 10 32 1 -54000 -28000 R6-;
5 10 28 0 -64000 -28000 R6+;
5 15 -63000 -29000 1 0 "<v>/<value>O";
5 2 R=v(1)+18.75;
5 11 R 6;
1 Bound -64000 -29250 -54000 -27000;
( Rotate 90 );
9 res;
C 0 R 0 1 T -64000 -28000;
(SymbolCall res);
5 10 0 1 -73000 -48000 R7-;
5 10 6 0 -73000 -38000 R7+;
5 15 -74000 -39000 0 -1 "<v>/<value>O";
5 11 R 7;
5 2 1;
1 Bound -74250 -48000 -72000 -38000;
9 res;
C 0 T -73000 -38000;
(SymbolCall res);
5 10 0 1 -64000 -48000 R8-;
5 10 34 0 -64000 -38000 R8+;
5 15 -65000 -39000 0 -1 "<v>/<value>O";
5 11 R 8;
5 2 R=v(6)+1e-6;
1 Bound -65250 -48000 -63000 -38000;
9 res;
C 0 T -64000 -38000;
(SymbolCall res);
5 10 0 1 -24000 -48000 R9-;
5 10 7 0 -14000 -48000 R9+;
5 15 -15000 -49000 -1 0 "<v>/<value>O";
5 2 R=v(8)+7.75e-2;
5 11 R 9;
1 Bound -24000 -49250 -14000 -47000;
( Rotate 90 );
9 res;
C 0 MY R 0 1 T -14000 -48000;
(SymbolCall vsrc);
5 10 0 1 -38000 30000 V0_1;
5 10 1 0 -48000 30000 V0_0;
5 15 -44000 30000 1 0;
5 11 V 0;
5 5 nophys;
5 2 pwl(0 1e5 1ns 1e5 1.1ns 0);
1 Bound -48000 28000 -38000 32000;
( Rotate 90 );
9 vsrc;
C 0 R 0 1 T -38000 28000;
(SymbolCall vsrc);
5 2 pulse(0 5e3 5ns 100ps 100ps 200ps 20000ns);
5 10 0 1 -73000 12000 V1_1;
5 10 2 0 -73000 2000 V1_0;
5 15 -73000 6000 0 1;
5 11 V 1;
5 5 nophys;
1 Bound -75000 2000 -71000 12000;
( Rotate 180 );
9 vsrc;
C 0 R -1 0 T -71000 12000;
(SymbolCall vsrc);
5 2 pulse(0 5e3 195ns 100ps 100ps 200ps 10000us);
5 10 0 1 -73000 -26000 V2_1;
5 10 6 0 -73000 -36000 V2_0;
5 15 -73000 -32000 0 1;
5 11 V 2;
5 5 nophys;
1 Bound -75000 -36000 -71000 -26000;
( Rotate 180 );
9 vsrc;
C 0 R -1 0 T -71000 -26000;
L SCED;
5 10 1;
W2 0 -50000 30000 -48000 30000;
5 10 2;
W2 0 -73000 2000 -73000 0;
5 10 3;
W2 0 -14000 0 -14000 -10000;
5 10 4;
W2 0 -10000 -28000 -10000 0;
5 10 5;
W2 0 10000 -10000 10000 -51000;
5 10 0;
W2 0 40000 -10000 30000 -10000;
5 10 6;
W2 0 -73000 -36000 -73000 -38000;
5 10 7;
W2 0 -14000 -38000 -14000 -48000;
5 10 0;
W2 0 -10000 -38000 -10000 -51000 0 -51000;
L NAME;
5 16 V 0 11;
94 <<V0>> -47750 32250 0 1275 1000;
5 16 R 0 11;
94 <<R0>> -59750 31500 0 1275 1000;
5 16 I 0 11;
94 <<I0>> -66250 18750 320 975 1000;
5 16 I 1 11;
94 <<I1>> -46250 18750 320 750 1000;
5 16 I 2 11;
94 <<I2>> -36250 18750 320 975 1000;
5 16 I 3 11;
94 <<I3>> -26250 18750 320 975 1000;
5 16 I 4 11;
94 <<I4>> 7750 18750 320 975 1000;
5 16 I 5 11;
94 <<I5>> 17750 18750 320 975 1000;
5 16 I 6 11;
94 <<I6>> 27750 18750 320 975 1000;
5 16 L 1 11;
94 <<L1>> -43750 11750 0 1050 1000;
5 16 L 2 11;
94 <<L2>> -33750 11750 0 1275 1000;
5 16 L 3 11;
94 <<L3>> -23750 11750 0 1275 1000;
5 16 L 4 11;
94 <<L4>> 4250 11750 0 1275 1000;
5 16 L 5 11;
94 <<L5>> 10250 11750 0 1275 1000;
5 16 L 6 11;
94 <<L6>> 20250 11750 0 1275 1000;
5 16 L 7 11;
94 <<L7>> 30250 11750 0 1275 1000;
5 16 R 1 11;
94 <<R1>> -61750 11250 0 1050 1000;
5 16 V 1 11;
94 <<V1>> -75250 10750 320 1050 1000;
5 16 B 0 11;
94 <<B0>> -7750 9750 0 1275 1000;
5 16 L 0 11;
94 <<L0>> -51750 8750 0 1275 1000;
5 16 L 17 11;
94 <<L17>> 39750 8750 320 1650 1000;
5 16 L 8 11;
94 <<L8>> -65750 5750 320 1275 1000;
5 16 L 9 11;
94 <<L9>> -44250 5750 320 1275 1000;
5 16 L 10 11;
94 <<L10>> -34250 5750 320 1650 1000;
5 16 L 11 11;
94 <<L11>> -24250 5750 320 1425 1000;
5 16 L 12 11;
94 <<L12>> -14250 5750 320 1650 1000;
5 16 L 13 11;
94 <<L13>> -8750 5750 320 1650 1000;
5 16 L 14 11;
94 <<L14>> 9750 5750 320 1650 1000;
5 16 L 15 11;
94 <<L15>> 19750 5750 320 1650 1000;
5 16 L 16 11;
94 <<L16>> 29750 5750 320 1650 1000;
5 16 R 2 11;
94 <<R2>> -74500 -1250 320 1275 1000;
5 16 B 1 11;
94 <<B1>> -44750 -2250 320 1050 1000;
5 16 B 2 11;
94 <<B2>> -34750 -2250 320 1275 1000;
5 16 B 3 11;
94 <<B3>> -24750 -2250 320 1275 1000;
5 16 R 3 11;
94 <<R3>> -65500 -3250 320 1275 1000;
5 16 B 4 11;
94 <<B4>> 8250 -4250 320 1275 1000;
5 16 B 5 11;
94 <<B5>> 18250 -4250 320 1275 1000;
5 16 B 6 11;
94 <<B6>> 28250 -4250 320 1275 1000;
5 16 R 4 11;
94 <<R4>> 38500 -4250 320 1275 1000;
5 16 R 5 11;
94 <<R5>> -23750 -8750 0 1275 1000;
5 16 I 7 11;
94 <<I7>> -66250 -19250 320 975 1000;
5 16 I 8 11;
94 <<I8>> -46250 -19250 320 975 1000;
5 16 I 9 11;
94 <<I9>> -36250 -19250 320 975 1000;
5 16 I 10 11;
94 <<I10>> -26250 -19250 320 1350 1000;
5 16 L 19 11;
94 <<L19>> -43750 -26250 0 1650 1000;
5 16 L 20 11;
94 <<L20>> -33750 -26250 0 1875 1000;
5 16 L 21 11;
94 <<L21>> -23750 -26250 0 1650 1000;
5 16 R 6 11;
94 <<R6>> -61750 -26750 0 1275 1000;
5 16 V 2 11;
94 <<V2>> -75250 -27250 320 1275 1000;
5 16 L 18 11;
94 <<L18>> -51750 -29250 0 1650 1000;
5 16 L 22 11;
94 <<L22>> -65750 -32250 320 1875 1000;
5 16 L 23 11;
94 <<L23>> -44250 -32250 320 1875 1000;
5 16 L 24 11;
94 <<L24>> -34250 -32250 320 1875 1000;
5 16 L 25 11;
94 <<L25>> -24250 -32250 320 1875 1000;
5 16 L 26 11;
94 <<L26>> -14250 -32250 320 1875 1000;
5 16 L 27 11;
94 <<L27>> -8750 -32250 320 1875 1000;
5 16 R 7 11;
94 <<R7>> -74500 -39250 320 1275 1000;
5 16 B 7 11;
94 <<B7>> -44750 -40250 320 1275 1000;
5 16 B 8 11;
94 <<B8>> -34750 -40250 320 1275 1000;
5 16 B 9 11;
94 <<B9>> -24750 -40250 320 1275 1000;
5 16 R 8 11;
94 <<R8>> -65500 -41250 320 1275 1000;
5 16 R 9 11;
94 <<R9>> -23750 -46750 0 1275 1000;
5 16 L 28 11;
94 <<L28>> 1250 -50750 0 1875 1000;
L MODL;
5 16 B 0 1;
94 <<jjSFQ1>> -3250 8250 320 3300 1000;
5 16 B 1 1;
94 <<jjSFQ1>> -42250 -4250 256 3300 1000;
5 16 B 2 1;
94 <<jjSFQ1>> -32250 -4250 256 3300 1000;
5 16 B 3 1;
94 <<jjSFQ1>> -22250 -4250 256 3300 1000;
5 16 B 4 1;
94 <<jjSFQ1>> 11750 -4250 256 3300 1000;
5 16 B 5 1;
94 <<jjSFQ1>> 21750 -4250 256 3300 1000;
5 16 B 6 1;
94 <<jjSFQ1>> 31750 -4250 256 3300 1000;
5 16 B 7 1;
94 <<jjSFQ1>> -42250 -42250 256 3300 1000;
5 16 B 8 1;
94 <<jjSFQ1>> -32250 -42250 256 3300 1000;
5 16 B 9 1;
94 <<jjSFQ1>> -22250 -42250 256 3300 1000;
L VALU;
5 16 R 0 2;
94 <<1>> -55250 28750 33088 450 1000;
5 16 V 0 2;
94 <<pwl(0 1e5 1ns 1e5 1.1ns 0)>> -38250 27750 33088 13275 1000;
5 16 I 1 2;
94 <<pwl(0 0 1.9ns 0 2ns 39u)>> -41750 12250 33025 12975 1000;
5 16 I 2 2;
94 <<pwl(0 0 1.9ns 0 2ns 25u)>> -31750 12250 33025 12975 1000;
5 16 I 3 2;
94 <<pwl(0 0 1.9ns 0 2ns 30u)>> -21750 12250 33025 12975 1000;
5 16 I 4 2;
94 <<pwl(0 0 0.9n 0 1ns 72u)>> 3250 24750 33024 12375 1000;
5 16 I 6 2;
94 <<pwl(0 0 0.9n 0 1ns 35u)>> 24250 24750 33024 12375 1000;
5 16 I 5 2;
94 <<pwl(0 0 0.9n 0 1ns 29u)>> 14250 22000 33024 12375 1000;
5 16 I 0 2;
94 <<10u>> -61750 19750 33024 1650 1000;
5 16 V 1 2;
94 <<pulse(0 5e3 5ns 100ps 100ps 200ps 20000ns)>> -77750 -10750 33025 23925 1000;
5 16 L 0 2;
94 <<1f>> -47250 9750 33088 975 1000;
5 16 L 1 2;
94 <<77.5p>> -38250 9750 33088 2700 1000;
5 16 L 2 2;
94 <<77.5p>> -28250 9750 33088 2700 1000;
5 16 L 3 2;
94 <<7.45n>> -18250 9750 33088 2700 1000;
5 16 L 4 2;
94 <<1f>> 5750 9750 33088 975 1000;
5 16 L 5 2;
94 <<200p>> 19750 9750 33088 2475 1000;
5 16 L 6 2;
94 <<77.5p>> 29750 9750 33088 2700 1000;
5 16 L 7 2;
94 <<1f>> 39750 9750 33088 975 1000;
5 16 R 1 2;
94 <<R=v(1)+18.75>> -57250 8500 33088 5775 1000;
5 16 L 17 2;
94 <<260n>> 41750 6750 33024 2475 1000;
5 16 L 14 2;
94 <<6p>> 11750 5750 33024 1275 1000;
5 16 L 15 2;
94 <<1f>> 21750 5750 33024 975 1000;
5 16 L 16 2;
94 <<1f>> 31750 5750 33024 975 1000;
5 16 K 2 14;
94 <<K2=1>> -13087 4500 0 2175 1000;
5 16 L 8 2;
94 <<250n>> -62250 4750 33030 2475 1000;
5 16 L 9 2;
94 <<1f>> -42250 4750 33024 975 1000;
5 16 L 10 2;
94 <<1f>> -32250 4750 33024 975 1000;
5 16 L 11 2;
94 <<1f>> -22250 4750 33024 975 1000;
5 16 L 12 2;
94 <<300p>> -15250 3750 33024 2475 1000;
5 16 L 13 2;
94 <<10p>> -9750 3750 33024 1650 1000;
5 16 R 3 2;
94 <<R=v(2)+1e-6>> -62750 -7750 33025 5775 1000;
5 16 R 4 2;
94 <<R=v(1)+2.60e-0>> 41250 -4250 33024 7200 1000;
5 16 R 2 2;
94 <<1>> -71750 -5250 33024 450 1000;
5 16 R 5 2;
94 <<R=v(8)+7.75e-2>> -14250 -11500 33088 7425 1000;
5 16 I 8 2;
94 <<pwl(0 0 1.9ns 0 2ns 39u)>> -41750 -25750 33025 12975 1000;
5 16 I 9 2;
94 <<pwl(0 0 1.9ns 0 2ns 25u)>> -31750 -25750 33025 12975 1000;
5 16 I 10 2;
94 <<pwl(0 0 1.9ns 0 2ns 30u)>> -21750 -25750 33025 12975 1000;
5 16 I 7 2;
94 <<10u>> -61750 -18250 33024 1650 1000;
5 16 V 2 2;
94 <<pulse(0 5e3 195ns 100ps 100ps 200ps 10000us)>> -77750 -48750 33025 24675 1000;
5 16 L 18 2;
94 <<1f>> -47250 -28250 33088 975 1000;
5 16 L 19 2;
94 <<77.5p>> -38250 -28250 33088 2700 1000;
5 16 L 20 2;
94 <<77.5p>> -28250 -28250 33088 2700 1000;
5 16 L 21 2;
94 <<7.45n>> -18250 -28250 33088 2700 1000;
5 16 R 6 2;
94 <<R=v(1)+18.75>> -57250 -29500 33088 5775 1000;
5 16 K 1 14;
94 <<K1=1>> -13087 -33500 0 1950 1000;
5 16 L 22 2;
94 <<250n>> -62250 -33250 33030 2475 1000;
5 16 L 23 2;
94 <<1f>> -42250 -33250 33024 975 1000;
5 16 L 24 2;
94 <<1f>> -32250 -33250 33024 975 1000;
5 16 L 25 2;
94 <<1f>> -22250 -33250 33024 975 1000;
5 16 L 26 2;
94 <<300p>> -15250 -34250 33024 2475 1000;
5 16 L 27 2;
94 <<10p>> -9750 -34250 33024 1650 1000;
5 16 R 8 2;
94 <<R=v(6)+1e-6>> -62750 -45750 33025 5775 1000;
5 16 R 7 2;
94 <<1>> -71750 -43250 33024 450 1000;
5 16 R 9 2;
94 <<R=v(8)+7.75e-2>> -14250 -49500 33088 7425 1000;
5 16 L 28 2;
94 <<20p>> 6750 -49750 33088 1875 1000;
L PARM;
5 16 B 0 3;
94 <<area=40>> -6750 7250 33024 4200 1000;
5 16 B 1 3;
94 <<area=40>> -42250 -6750 32768 4200 1000;
5 16 B 2 3;
94 <<area=40>> -32250 -6750 32768 4200 1000;
5 16 B 3 3;
94 <<area=40>> -22250 -6750 32768 4200 1000;
5 16 B 4 3;
94 <<area=40>> 11750 -6750 32768 4200 1000;
5 16 B 5 3;
94 <<area=40>> 21750 -6750 32768 4200 1000;
5 16 B 6 3;
94 <<area=40>> 31750 -6750 32768 4200 1000;
5 16 B 7 3;
94 <<area=40>> -42250 -44750 32768 4200 1000;
5 16 B 8 3;
94 <<area=40>> -32250 -44750 32768 4200 1000;
5 16 B 9 3;
94 <<area=40>> -22250 -44750 32768 4200 1000;
DF;
E
* Generated by Xic from cell 04_2si_di_symmetrical_coincidence
.tran 1p 280n
.plot tran v(2) L12#branch v(6) L26#branch L14#branch L4#branch v(42) v(38) v(12) L15#branch L16#branch v(43) v(44) L17#branch
B0 18 17 38 jjSFQ1 area=40
B1 21 0 39 jjSFQ1 area=40
B2 22 0 40 jjSFQ1 area=40
B3 23 0 41 jjSFQ1 area=40
B4 24 5 42 jjSFQ1 area=40
B5 25 0 43 jjSFQ1 area=40
B6 26 0 44 jjSFQ1 area=40
B7 35 0 45 jjSFQ1 area=40
B8 36 0 46 jjSFQ1 area=40
B9 37 0 47 jjSFQ1 area=40
I0 0 8 10u
I1 0 9 pwl(0 0 1.9ns 0 2ns 39u)
I2 0 10 pwl(0 0 1.9ns 0 2ns 25u)
I3 0 11 pwl(0 0 1.9ns 0 2ns 30u)
I4 0 12 pwl(0 0 0.9n 0 1ns 72u)
I5 0 13 pwl(0 0 0.9n 0 1ns 29u)
I6 0 14 pwl(0 0 0.9n 0 1ns 35u)
I7 0 28 10u
I8 0 29 pwl(0 0 1.9ns 0 2ns 39u)
I9 0 30 pwl(0 0 1.9ns 0 2ns 25u)
I10 0 31 pwl(0 0 1.9ns 0 2ns 30u)
K1 L26 L27 1
K2 L12 L13 1
L0 15 9 1f
L1 9 10 77.5p
L2 10 11 77.5p
L3 11 16 7.45n
L4 12 18 1f
L5 12 13 200p
L6 13 14 77.5p
L7 14 19 1f
L8 8 20 250n
L9 9 21 1f
L10 10 22 1f
L11 11 23 1f
L12 16 3 300p
L13 17 4 10p
L14 12 24 6p
L15 13 25 1f
L16 14 26 1f
L17 19 27 260n
L18 32 29 1f
L19 29 30 77.5p
L20 30 31 77.5p
L21 31 33 7.45n
L22 28 34 250n
L23 29 35 1f
L24 30 36 1f
L25 31 37 1f
L26 33 7 300p
L27 4 0 10p
L28 5 0 20p
R0 1 0 1
R1 8 15 R=v(1)+18.75
R2 2 0 1
R3 20 0 R=v(2)+1e-6
R4 27 0 R=v(1)+2.60e-0
R5 3 0 R=v(8)+7.75e-2
R6 28 32 R=v(1)+18.75
R7 6 0 1
R8 34 0 R=v(6)+1e-6
R9 7 0 R=v(8)+7.75e-2
V0 1 0 pwl(0 1e5 1ns 1e5 1.1ns 0)
V1 2 0 pulse(0 5e3 5ns 100ps 100ps 200ps 20000ns)
V2 6 0 pulse(0 5e3 195ns 100ps 100ps 200ps 10000us)
.model jjSFQ1 jj(rtype=0, cct=1, vg=2.8m, icrit=1u, cap= 5f, vshunt=0.25mV)
.save @I5[c]
.save @I0[c]
.save @I3[c]
.save @I7[c]
.save @I8[c]
.save @I9[c]
.save @I10[c]
.save @I1[c]
.save @I2[c]
.save @I4[c]
.save @I6[c]
