(Symbol 02_dendrite__direct_drive__exp_pls_seq);
($Id:$);
(PHYSICAL);
(RESOLUTION 1000);
9 02_dendrite__direct_drive__exp_pls_seq;
DS 0 1 1;
DF;
E
(ELECTRICAL);
(RESOLUTION 1000);
5 7102 (||2:-5000 9000||) (||2:31000 11000||);
5 7101 tran 1p 500n;
5 14 1 L 4 L 5 1;
5 11 X 0 subckt;
9 02_dendrite__direct_drive__exp_pls_seq;
DS 0 1 1;
(SymbolCall gnd);
5 10 0 0 1000 29000;
1 Bound -1600 28000 1000 30000;
( Rotate 270 );
9 gnd;
C 0 R 0 -1 T 0 30000;
(SymbolCall gnd);
5 10 0 0 23000 29000;
1 Bound 23000 28000 25600 30000;
( Rotate 90 );
9 gnd;
C 0 R 0 1 T 24000 28000;
(SymbolCall gnd);
5 10 0 0 -16000 20000;
1 Bound -17000 20000 -15000 22600;
( Rotate 180 );
9 gnd;
C 0 R -1 0 T -15000 21000;
(SymbolCall gnd);
5 10 0 0 10000 20000;
1 Bound 9000 20000 11000 22600;
( Rotate 180 );
9 gnd;
C 0 R -1 0 T 11000 21000;
(SymbolCall gnd);
5 10 0 0 20000 20000;
1 Bound 19000 20000 21000 22600;
( Rotate 180 );
9 gnd;
C 0 R -1 0 T 21000 21000;
(SymbolCall gnd);
5 10 0 0 30000 20000;
1 Bound 29000 20000 31000 22600;
( Rotate 180 );
9 gnd;
C 0 R -1 0 T 31000 21000;
(SymbolCall gnd);
5 10 0 0 -22000 10000;
1 Bound -23000 10000 -21000 12600;
9 gnd;
C 0 MY T -23000 11000;
(SymbolCall gnd);
5 10 0 0 -6000 0;
1 Bound -7000 -2600 -5000 0;
9 gnd;
C 0 T -7000 -1000;
(SymbolCall gnd);
5 10 0 0 0 0;
1 Bound -1000 -2600 1000 0;
9 gnd;
C 0 T -1000 -1000;
(SymbolCall gnd);
5 10 0 0 20000 0;
1 Bound 19000 -2600 21000 0;
9 gnd;
C 0 T 19000 -1000;
(SymbolCall gnd);
5 10 0 0 30000 0;
1 Bound 29000 -2600 31000 0;
9 gnd;
C 0 T 29000 -1000;
(SymbolCall gnd);
5 10 0 0 -16000 -10000;
1 Bound -17000 -12600 -15000 -10000;
( Rotate 180 );
9 gnd;
C 0 MY R -1 0 T -15000 -11000;
(SymbolCall gnd);
5 10 0 0 -22000 -12000;
1 Bound -23000 -14600 -21000 -12000;
( Rotate 180 );
9 gnd;
C 0 MY R -1 0 T -21000 -13000;
(SymbolCall ind);
5 10 5 1 20000 10000 L0-;
5 10 4 0 10000 10000 L0+;
5 15 11000 11000 1 0;
5 2 200p;
5 11 L 0;
1 Bound 10000 10000 20000 11500;
( Rotate 90 );
9 ind;
C 0 R 0 1 T 20000 9000;
(SymbolCall ind);
5 10 6 1 30000 10000 L1-;
5 10 5 0 20000 10000 L1+;
5 15 21000 11000 1 0;
5 2 77.5p;
5 11 L 1;
1 Bound 20000 10000 30000 11500;
( Rotate 90 );
9 ind;
C 0 R 0 1 T 30000 9000;
(SymbolCall ind);
5 10 8 1 40000 10000 L2-;
5 10 6 0 30000 10000 L2+;
5 2 775n;
5 11 L 2;
5 15 31000 11000 1 0;
1 Bound 30000 10000 40000 11500;
( Rotate 90 );
9 ind;
C 0 R 0 1 T 40000 9000;
(SymbolCall ind);
5 11 L 3;
5 2 250n;
5 10 3 0 -16000 10000 L3+;
5 10 10 1 -16000 0 L3-;
5 15 -17000 9000 0 -1;
1 Bound -17500 0 -16000 10000;
( Rotate 180 );
9 ind;
C 0 MY R -1 0 T -15000 0;
(SymbolCall ind);
5 11 L 4;
5 17 mutual;
5 2 200p;
5 10 9 0 -6000 10000 L4+;
5 10 0 1 -6000 0 L4-;
5 15 -5000 9000 0 -1;
1 Bound -6000 0 -4500 10000;
9 ind;
C 0 T -7000 0;
(SymbolCall ind);
5 11 L 5;
5 17 mutual;
5 10 7 0 0 10000 L5+;
5 10 0 1 0 0 L5-;
5 2 20p;
5 15 -1000 9000 0 -1;
1 Bound -1500 0 0 10000;
( Rotate 180 );
9 ind;
C 0 MY R -1 0 T 1000 0;
(SymbolCall ind);
5 2 20p;
5 11 L 6;
5 10 11 0 10000 0 L6+;
5 10 0 1 0 0 L6-;
5 15 9000 -1000 -1 0;
1 Bound 0 -1500 10000 0;
( Rotate 270 );
9 ind;
C 0 R 0 -1 T 0 1000;
(SymbolCall isrc);
5 2 pwl(0 0 0.1ns 0 0.19ns 28.13u);
5 5 nophys;
5 11 I 0;
5 10 0 0 -16000 20000 I0_0;
5 10 3 1 -16000 10000 I0_1;
5 15 -16000 14000 0 -1 @<name>[c];
1 Bound -18000 10000 -14000 20000;
9 isrc;
C 0 T -18000 10000;
(SymbolCall isrc);
5 2 pwl(0 0 0.09n 0 0.1n 71.5u);
5 10 4 1 10000 10000 I1_1;
5 10 0 0 10000 20000 I1_0;
5 15 10000 14000 0 -1 @<name>[c];
5 11 I 1;
5 5 nophys;
1 Bound 8000 10000 12000 20000;
9 isrc;
C 0 T 8000 10000;
(SymbolCall isrc);
5 2 pwl(0 0 0.09n 0 0.1ns 36u);
5 10 5 1 20000 10000 I2_1;
5 10 0 0 20000 20000 I2_0;
5 15 20000 14000 0 -1 @<name>[c];
5 5 nophys;
5 11 I 2;
1 Bound 18000 10000 22000 20000;
9 isrc;
C 0 T 18000 10000;
(SymbolCall isrc);
5 2 pwl(0 0 0.09n 0 0.1ns 35u);
5 10 6 1 30000 10000 I3_1;
5 10 0 0 30000 20000 I3_0;
5 15 30000 14000 0 -1 @<name>[c];
5 5 nophys;
5 11 I 3;
1 Bound 28000 10000 32000 20000;
9 isrc;
C 0 T 28000 10000;
(SymbolCall jj);
5 11 B 0;
5 1 jjSFQ1;
5 3 area=40;
5 10 4 0 10000 10000 B0+;
5 10 7 1 0 10000 B0-;
5 10 12 2 8000 9000 B0_2;
1 Bound 0 8500 10000 11500;
( Rotate 90 );
9 jj;
C 0 MY R 0 1 T 0 9000;
(SymbolCall jj);
5 1 jjSFQ1;
5 3 area=40;
5 11 B 1;
5 10 4 0 10000 10000 B1+;
5 10 11 1 10000 0 B1-;
5 10 13 2 9000 8000 B1_2;
1 Bound 8500 0 11500 10000;
9 jj;
C 0 T 9000 0;
(SymbolCall jj);
5 11 B 2;
5 3 area=40;
5 1 jjSFQ1;
5 10 5 0 20000 10000 B2+;
5 10 0 1 20000 0 B2-;
5 10 14 2 19000 8000 B2_2;
1 Bound 18500 0 21500 10000;
9 jj;
C 0 T 19000 0;
(SymbolCall jj);
5 11 B 3;
5 3 area=40;
5 1 jjSFQ1;
5 10 6 0 30000 10000 B3+;
5 10 0 1 30000 0 B3-;
5 10 15 2 29000 8000 B3_2;
1 Bound 28500 0 31500 10000;
9 jj;
C 0 T 29000 0;
(SymbolCall res);
5 11 R 0;
5 2 1;
5 10 1 0 11000 29000 R0+;
5 10 0 1 1000 29000 R0-;
5 15 10000 30000 -1 0 "<v>/<value>O";
1 Bound 1000 28000 11000 30250;
( Rotate 270 );
9 res;
C 0 R 0 -1 T 11000 29000;
(SymbolCall res);
5 11 R 1;
5 2 R=v(1)+5.004;
5 10 3 0 -16000 10000 R1+;
5 10 9 1 -6000 10000 R1-;
5 15 -15000 9000 1 0 "<v>/<value>O";
1 Bound -16000 8750 -6000 11000;
( Rotate 90 );
9 res;
C 0 R 0 1 T -16000 10000;
(SymbolCall res);
5 11 R 2;
5 2 1;
5 10 0 0 -22000 10000 R2+;
5 10 2 1 -22000 0 R2-;
5 15 -21000 9000 0 -1 "<v>/<value>O";
1 Bound -23000 0 -20750 10000;
( Rotate 180 );
9 res;
C 0 MY R -1 0 T -22000 10000;
(SymbolCall res);
5 11 R 3;
5 2 R=v(1)+77.5;
5 10 8 0 40000 10000 R3+;
5 10 0 1 40000 0 R3-;
5 15 39000 9000 0 -1 "<v>/<value>O";
1 Bound 38750 0 41000 10000;
9 res;
C 0 T 40000 10000;
(SymbolCall res);
5 11 R 4;
5 2 R=v(2)+1e-6;
5 10 10 0 -16000 0 R4+;
5 10 0 1 -16000 -10000 R4-;
5 15 -15000 -1000 0 -1 "<v>/<value>O";
1 Bound -17000 -10000 -14750 0;
( Rotate 180 );
9 res;
C 0 MY R -1 0 T -16000 0;
(SymbolCall vsrc);
5 11 V 0;
5 5 nophys;
5 10 1 0 13000 29000 V0_0;
5 10 0 1 23000 29000 V0_1;
5 2 pwl(0 1e5 0.2ns 1e5 0.3ns 0);
5 15 17000 29000 1 0;
1 Bound 13000 27000 23000 31000;
( Rotate 90 );
9 vsrc;
C 0 R 0 1 T 23000 27000;
(SymbolCall vsrc);
5 11 V 1;
5 5 nophys;
5 2 pulse(0 5e3 5ns 1ns 1ns 1ns 50ns);
5 10 2 0 -22000 -2000 V1_0;
5 10 0 1 -22000 -12000 V1_1;
5 15 -22000 -6000 0 -1;
1 Bound -24000 -12000 -20000 -2000;
( Rotate 180 );
9 vsrc;
C 0 MY R -1 0 T -20000 -12000;
L SCED;
5 10 1;
W2 0 11000 29000 13000 29000;
5 10 2;
W2 0 -22000 0 -22000 -2000;
5 10 0;
W2 0 40000 0 30000 0;
L NAME;
5 16 V 0 11;
94 <<V0>> 13250 31250 0 1275 1000;
5 16 R 0 11;
94 <<R0>> 1250 30500 0 1275 1000;
5 16 I 0 11;
94 <<I0>> -18250 18750 320 975 1000;
5 16 I 1 11;
94 <<I1>> 7750 18750 320 750 1000;
5 16 I 2 11;
94 <<I2>> 17750 18750 320 975 1000;
5 16 I 3 11;
94 <<I3>> 27750 18750 320 975 1000;
5 16 L 0 11;
94 <<L0>> 10250 11750 0 1275 1000;
5 16 L 1 11;
94 <<L1>> 20250 11750 0 1050 1000;
5 16 L 2 11;
94 <<L2>> 30250 11750 0 1275 1000;
5 16 R 1 11;
94 <<R1>> -13750 10250 0 1050 1000;
5 16 B 0 11;
94 <<B0>> 2250 9750 0 1275 1000;
5 16 L 3 11;
94 <<L3>> -17750 8750 320 1275 1000;
5 16 L 4 11;
94 <<L4>> -6250 8750 320 1275 1000;
5 16 L 5 11;
94 <<L5>> 1250 5750 320 1275 1000;
5 16 B 1 11;
94 <<B1>> 8250 5750 320 1050 1000;
5 16 B 2 11;
94 <<B2>> 18250 5750 320 1275 1000;
5 16 B 3 11;
94 <<B3>> 28250 5750 320 1275 1000;
5 16 R 3 11;
94 <<R3>> 38500 5750 320 1275 1000;
5 16 R 2 11;
94 <<R2>> -20250 4750 320 1275 1000;
5 16 L 6 11;
94 <<L6>> 1250 250 0 1275 1000;
5 16 R 4 11;
94 <<R4>> -17250 -1250 320 1275 1000;
5 16 V 1 11;
94 <<V1>> -20250 -4750 324 1050 1000;
L MODL;
5 16 B 0 1;
94 <<jjSFQ1>> 6750 8250 320 3300 1000;
5 16 B 1 1;
94 <<jjSFQ1>> 11750 5750 256 3300 1000;
5 16 B 2 1;
94 <<jjSFQ1>> 21750 5750 256 3300 1000;
5 16 B 3 1;
94 <<jjSFQ1>> 31750 5750 256 3300 1000;
L VALU;
5 16 V 0 2;
94 <<pwl(0 1e5 0.2ns 1e5 0.3ns 0)>> 29750 31750 33088 14775 1000;
5 16 I 0 2;
94 <<pwl(0 0 0.1ns 0 0.19ns 28.13u)>> -13750 13250 33025 15375 1000;
5 16 R 0 2;
94 <<1>> 5750 27750 33088 450 1000;
5 16 I 1 2;
94 <<pwl(0 0 0.09n 0 0.1n 71.5u)>> 12250 12250 33025 13800 1000;
5 16 I 2 2;
94 <<pwl(0 0 0.09n 0 0.1ns 36u)>> 22000 12250 33025 13800 1000;
5 16 I 3 2;
94 <<pwl(0 0 0.09n 0 0.1ns 35u)>> 32250 12250 33025 13800 1000;
5 16 R 1 2;
94 <<R=v(1)+5.004>> -6250 12500 33088 6000 1000;
5 16 L 0 2;
94 <<200p>> 19750 9750 33088 2475 1000;
5 16 L 1 2;
94 <<77.5p>> 29750 9750 33088 2700 1000;
5 16 L 2 2;
94 <<775n>> 39750 9750 33088 2475 1000;
5 16 R 2 2;
94 <<1>> -20500 6750 33024 450 1000;
5 16 V 1 2;
94 <<pulse(0 5e3 5ns 1ns 1ns 1ns 50ns)>> -25750 -11750 33025 18300 1000;
5 16 L 3 2;
94 <<250n>> -15750 5750 33024 2475 1000;
5 16 R 3 2;
94 <<R=v(1)+77.5>> 41250 5750 33024 5400 1000;
5 16 K 1 14;
94 <<K1=1>> -3975 4500 0 1950 1000;
5 16 L 4 2;
94 <<200p>> -6750 4250 33026 2475 1000;
5 16 L 5 2;
94 <<20p>> 250 3750 33024 1875 1000;
5 16 L 6 2;
94 <<20p>> 6750 1250 33088 1875 1000;
5 16 R 4 2;
94 <<R=v(2)+1e-6>> -14750 -7500 33025 5775 1000;
L PARM;
5 16 B 0 3;
94 <<area=40>> 3250 7250 33024 4200 1000;
5 16 B 1 3;
94 <<area=40>> 11750 3250 32768 4200 1000;
5 16 B 2 3;
94 <<area=40>> 21750 3250 32768 4200 1000;
5 16 B 3 3;
94 <<area=40>> 31750 3250 32768 4200 1000;
DF;
E
* Generated by Xic from cell 02_dendrite__direct_drive__exp_pls_seq
.tran 1p 500n
.plot tran L4#branch L2#branch
B0 4 7 12 jjSFQ1 area=40
B1 4 11 13 jjSFQ1 area=40
B2 5 0 14 jjSFQ1 area=40
B3 6 0 15 jjSFQ1 area=40
I0 0 3 pwl(0 0 0.1ns 0 0.19ns 28.13u)
I1 0 4 pwl(0 0 0.09n 0 0.1n 71.5u)
I2 0 5 pwl(0 0 0.09n 0 0.1ns 36u)
I3 0 6 pwl(0 0 0.09n 0 0.1ns 35u)
K1 L4 L5 1
L0 4 5 200p
L1 5 6 77.5p
L2 6 8 775n
L3 3 10 250n
L4 9 0 200p
L5 7 0 20p
L6 11 0 20p
R0 1 0 1
R1 3 9 R=v(1)+5.004
R2 0 2 1
R3 8 0 R=v(1)+77.5
R4 10 0 R=v(2)+1e-6
V0 1 0 pwl(0 1e5 0.2ns 1e5 0.3ns 0)
V1 2 0 pulse(0 5e3 5ns 1ns 1ns 1ns 50ns)
.model jjSFQ1 jj(rtype=0, cct=1, vg=2.8m, icrit=1u, cap= 5f, vshunt=0.25mV)
.save @I1[c]
.save @I2[c]
.save @I3[c]
.save @I0[c]
