(Symbol dend__2jj__sq_pls_seq);
($Id:$);
(PHYSICAL);
(RESOLUTION 1000);
9 dend__2jj__sq_pls_seq;
DS 0 1 1;
DF;
E
(ELECTRICAL);
(RESOLUTION 1000);
5 7102 (||2:-5000 9000||) (||2:11000 11000||);
5 7101 tran 1p 50n;
5 14 1 L 1 L 2 1;
5 11 X 0 subckt;
9 dend__2jj__sq_pls_seq;
DS 0 1 1;
(SymbolCall gnd);
5 10 0 0 0 29000;
1 Bound -2600 28000 0 30000;
( Rotate 270 );
9 gnd;
C 0 R 0 -1 T -1000 30000;
(SymbolCall gnd);
5 10 0 0 22000 29000;
1 Bound 22000 28000 24600 30000;
( Rotate 90 );
9 gnd;
C 0 R 0 1 T 23000 28000;
(SymbolCall gnd);
5 10 0 0 -6000 20000;
1 Bound -7000 20000 -5000 22600;
( Rotate 180 );
9 gnd;
C 0 R -1 0 T -5000 21000;
(SymbolCall gnd);
5 10 0 0 10000 20000;
1 Bound 9000 20000 11000 22600;
( Rotate 180 );
9 gnd;
C 0 R -1 0 T 11000 21000;
(SymbolCall gnd);
5 10 0 0 -6000 0;
1 Bound -7000 -2600 -5000 0;
9 gnd;
C 0 T -7000 -1000;
(SymbolCall gnd);
5 10 0 0 0 0;
1 Bound -1000 -2600 1000 0;
9 gnd;
C 0 T -1000 -1000;
(SymbolCall gnd);
5 10 0 0 20000 0;
1 Bound 19000 -2600 21000 0;
9 gnd;
C 0 T 19000 -1000;
(SymbolCall ind);
5 2 7750n;
5 10 5 1 20000 10000 L0-;
5 10 3 0 10000 10000 L0+;
5 15 11000 11000 1 0;
5 11 L 0;
1 Bound 10000 10000 20000 11500;
( Rotate 90 );
9 ind;
C 0 R 0 1 T 20000 9000;
(SymbolCall ind);
5 10 0 1 -6000 0 L1-;
5 10 2 0 -6000 10000 L1+;
5 15 -5000 9000 0 -1;
5 11 L 1;
5 17 mutual;
5 2 200p;
1 Bound -6000 0 -4500 10000;
9 ind;
C 0 T -7000 0;
(SymbolCall ind);
5 10 0 1 0 0 L2-;
5 10 4 0 0 10000 L2+;
5 15 -1000 9000 0 -1;
5 2 20p;
5 11 L 2;
5 17 mutual;
1 Bound -1500 0 0 10000;
( Rotate 180 );
9 ind;
C 0 MY R -1 0 T 1000 0;
(SymbolCall ind);
5 10 0 1 0 0 L3-;
5 10 6 0 10000 0 L3+;
5 15 9000 -1000 -1 0;
5 2 20p;
5 11 L 3;
1 Bound 0 -1500 10000 0;
( Rotate 270 );
9 ind;
C 0 R 0 -1 T 0 1000;
(SymbolCall isrc);
5 2 pwl(0 0 4.9n 0 5n 7.84u 15n 7.84u 15.1n 0 24.9n 0 25n 13.21u 35n 13.21u 35.1n 0 44.9n 0 45n 9.17u 55n 9.17u 55.1n 0 64.9n 0 65n 15.84u 75n 15.84u 75.1n 0);
5 10 2 1 -6000 10000 I0_1;
5 10 0 0 -6000 20000 I0_0;
5 15 -6000 14000 0 -1 @<name>[c];
5 5 nophys;
5 11 I 0;
1 Bound -8000 10000 -4000 20000;
9 isrc;
C 0 T -8000 10000;
(SymbolCall isrc);
5 10 3 1 10000 10000 I1_1;
5 10 0 0 10000 20000 I1_0;
5 15 10000 14000 0 -1 @<name>[c];
5 2 pwl(0 0 0.09n 0 0.1n 74u);
5 11 I 1;
5 5 nophys;
1 Bound 8000 10000 12000 20000;
9 isrc;
C 0 T 8000 10000;
(SymbolCall jj);
5 10 7 2 8000 9000 B0_2;
5 10 4 1 0 10000 B0-;
5 10 3 0 10000 10000 B0+;
5 11 B 0;
5 1 jjSFQ1;
5 3 area=40;
1 Bound 0 8500 10000 11500;
( Rotate 90 );
9 jj;
C 0 MY R 0 1 T 0 9000;
(SymbolCall jj);
5 10 8 2 9000 8000 B1_2;
5 10 6 1 10000 0 B1-;
5 10 3 0 10000 10000 B1+;
5 1 jjSFQ1;
5 3 area=40;
5 11 B 1;
1 Bound 8500 0 11500 10000;
9 jj;
C 0 T 9000 0;
(SymbolCall res);
5 10 0 1 0 29000 R0-;
5 10 1 0 10000 29000 R0+;
5 15 9000 30000 -1 0 "<v>/<value>O";
5 2 1;
5 11 R 0;
1 Bound 0 28000 10000 30250;
( Rotate 270 );
9 res;
C 0 R 0 -1 T 10000 29000;
(SymbolCall res);
5 2 R=v(1)+7.75;
5 10 0 1 20000 0 R1-;
5 10 5 0 20000 10000 R1+;
5 15 19000 9000 0 -1 "<v>/<value>O";
5 11 R 1;
1 Bound 18750 0 21000 10000;
9 res;
C 0 T 20000 10000;
(SymbolCall vsrc);
5 10 0 1 22000 29000 V0_1;
5 10 1 0 12000 29000 V0_0;
5 15 16000 29000 1 0;
5 5 nophys;
5 11 V 0;
5 2 pwl(0 1e5 0.2ns 1e5 0.3ns 0);
1 Bound 12000 27000 22000 31000;
( Rotate 90 );
9 vsrc;
C 0 R 0 1 T 22000 27000;
L SCED;
5 10 1;
W2 0 10000 29000 12000 29000;
L NAME;
5 16 V 0 11;
94 <<V0>> 12250 31250 0 1275 1000;
5 16 R 0 11;
94 <<R0>> 250 30500 0 1275 1000;
5 16 I 0 11;
94 <<I0>> -8250 18750 320 975 1000;
5 16 I 1 11;
94 <<I1>> 7750 18750 320 750 1000;
5 16 L 0 11;
94 <<L0>> 10250 11750 0 1275 1000;
5 16 B 0 11;
94 <<B0>> 2250 9750 0 1275 1000;
5 16 L 1 11;
94 <<L1>> -6250 8750 320 1050 1000;
5 16 L 2 11;
94 <<L2>> 1250 5750 320 1275 1000;
5 16 B 1 11;
94 <<B1>> 8250 5750 320 1050 1000;
5 16 R 1 11;
94 <<R1>> 18500 5750 320 1050 1000;
5 16 L 3 11;
94 <<L3>> 1250 250 0 1275 1000;
L MODL;
5 16 B 0 1;
94 <<jjSFQ1>> 6750 8250 320 3300 1000;
5 16 B 1 1;
94 <<jjSFQ1>> 11750 5750 256 3300 1000;
L VALU;
5 16 I 0 2;
94 <<pwl(0 0 4.9n 0 5n 7.84u 15n 7.84u 15.1n 0 24.9n 0 25n 13.21u 35n 13.21u 35.1n 0 44.9n 0 45n 9.17u 55n 9.17u 55.1n 0 64.9n 0 65n 15.84u 75n 15.84u 75.1n 0)>> -3750 11250 33025 82425 1000;
5 16 V 0 2;
94 <<pwl(0 1e5 0.2ns 1e5 0.3ns 0)>> 29750 31750 33088 14775 1000;
5 16 R 0 2;
94 <<1>> 4750 27750 33088 450 1000;
5 16 I 1 2;
94 <<pwl(0 0 0.09n 0 0.1n 74u)>> 12250 12250 33025 13200 1000;
5 16 L 0 2;
94 <<7750n>> 19750 9750 33088 3075 1000;
5 16 R 1 2;
94 <<R=v(1)+7.75>> 21250 5750 33024 5400 1000;
5 16 K 1 14;
94 <<K1=1>> -3975 4500 0 1950 1000;
5 16 L 1 2;
94 <<200p>> -6750 4250 33026 2475 1000;
5 16 L 2 2;
94 <<20p>> 250 3750 33024 1875 1000;
5 16 L 3 2;
94 <<20p>> 6750 1250 33088 1875 1000;
L PARM;
5 16 B 0 3;
94 <<area=40>> 3250 7250 33024 4200 1000;
5 16 B 1 3;
94 <<area=40>> 11750 3250 32768 4200 1000;
DF;
E
