(Symbol 09_neuron_1sy_1rs__mi_feedback_01);
($Id:$);
(PHYSICAL);
(RESOLUTION 1000);
9 09_neuron_1sy_1rs__mi_feedback_01;
DS 0 1 1;
DF;
E
(ELECTRICAL);
(RESOLUTION 1000);
5 7102 (||2:-54000 11000||) (||2:-14000 9000||) (||2:9000 11000||) (||2:11000 9000||) (||2:31000 11000||) (||2:35000 -21000||) (||2:1000 -17000||) (||2:1000 -27000||) (||1:9000 -2000||) (||1:-2000 9000||) (||1:12000 -29000||) (||1:10000 10000||) (||1:0 -28000||);
5 7101 tran 10p 350n;
5 14 1 L 18 L 19 1;
5 14 2 L 21 L 22 -1;
5 14 3 L 12 L 13 1;
5 11 X 0 subckt;
9 09_neuron_1sy_1rs__mi_feedback_01;
DS 0 1 1;
(SymbolCall gnd);
5 10 0 0 -17000 24000;
1 Bound -19600 23000 -17000 25000;
( Rotate 270 );
9 gnd;
C 0 R 0 -1 T -18000 25000;
(SymbolCall gnd);
5 10 0 0 5000 24000;
1 Bound 5000 23000 7600 25000;
( Rotate 90 );
9 gnd;
C 0 R 0 1 T 6000 23000;
(SymbolCall gnd);
5 10 0 0 -65000 20000;
1 Bound -66000 20000 -64000 22600;
( Rotate 180 );
9 gnd;
C 0 R -1 0 T -64000 21000;
(SymbolCall gnd);
5 10 0 0 -45000 20000;
1 Bound -46000 20000 -44000 22600;
( Rotate 180 );
9 gnd;
C 0 R -1 0 T -44000 21000;
(SymbolCall gnd);
5 10 0 0 -35000 20000;
1 Bound -36000 20000 -34000 22600;
( Rotate 180 );
9 gnd;
C 0 R -1 0 T -34000 21000;
(SymbolCall gnd);
5 10 0 0 -25000 20000;
1 Bound -26000 20000 -24000 22600;
( Rotate 180 );
9 gnd;
C 0 R -1 0 T -24000 21000;
(SymbolCall gnd);
5 10 0 0 10000 20000;
1 Bound 9000 20000 11000 22600;
( Rotate 180 );
9 gnd;
C 0 R -1 0 T 11000 21000;
(SymbolCall gnd);
5 10 0 0 20000 20000;
1 Bound 19000 20000 21000 22600;
( Rotate 180 );
9 gnd;
C 0 R -1 0 T 21000 21000;
(SymbolCall gnd);
5 10 0 0 30000 20000;
1 Bound 29000 20000 31000 22600;
( Rotate 180 );
9 gnd;
C 0 R -1 0 T 31000 21000;
(SymbolCall gnd);
5 10 0 0 -75000 12000;
1 Bound -76000 12000 -74000 14600;
9 gnd;
C 0 MY T -76000 13000;
(SymbolCall gnd);
5 10 0 0 -75000 -10000;
1 Bound -76000 -12600 -74000 -10000;
( Rotate 180 );
9 gnd;
C 0 MY R -1 0 T -74000 -11000;
(SymbolCall gnd);
5 10 0 0 -65000 -10000;
1 Bound -66000 -12600 -64000 -10000;
9 gnd;
C 0 T -66000 -11000;
(SymbolCall gnd);
5 10 0 0 -45000 -10000;
1 Bound -46000 -12600 -44000 -10000;
9 gnd;
C 0 T -46000 -11000;
(SymbolCall gnd);
5 10 0 0 -35000 -10000;
1 Bound -36000 -12600 -34000 -10000;
9 gnd;
C 0 T -36000 -11000;
(SymbolCall gnd);
5 10 0 0 -25000 -10000;
1 Bound -26000 -12600 -24000 -10000;
9 gnd;
C 0 T -26000 -11000;
(SymbolCall gnd);
5 10 0 0 -10000 -10000;
1 Bound -11000 -12600 -9000 -10000;
9 gnd;
C 0 T -11000 -11000;
(SymbolCall gnd);
5 10 0 0 20000 -10000;
1 Bound 19000 -12600 21000 -10000;
9 gnd;
C 0 T 19000 -11000;
(SymbolCall gnd);
5 10 0 0 30000 -10000;
1 Bound 29000 -12600 31000 -10000;
9 gnd;
C 0 T 29000 -11000;
(SymbolCall gnd);
5 10 0 0 34000 -20000;
1 Bound 33000 -20000 35000 -17400;
( Rotate 180 );
9 gnd;
C 0 R -1 0 T 35000 -19000;
(SymbolCall gnd);
5 10 0 0 -10000 -28000;
1 Bound -12600 -29000 -10000 -27000;
( Rotate 270 );
9 gnd;
C 0 R 0 -1 T -11000 -27000;
(SymbolCall gnd);
5 10 0 0 20000 -28000;
1 Bound 20000 -29000 22600 -27000;
( Rotate 90 );
9 gnd;
C 0 R 0 1 T 21000 -29000;
(SymbolCall gnd);
5 10 0 0 40000 -30000;
1 Bound 39000 -32600 41000 -30000;
9 gnd;
C 0 T 39000 -31000;
(SymbolCall gnd);
5 10 0 0 -10000 -38000;
1 Bound -12600 -39000 -10000 -37000;
( Rotate 270 );
9 gnd;
C 0 R 0 -1 T -11000 -37000;
(SymbolCall gnd);
5 10 0 0 20000 -38000;
1 Bound 20000 -39000 22600 -37000;
( Rotate 90 );
9 gnd;
C 0 R 0 1 T 21000 -39000;
(SymbolCall ind);
5 10 8 1 -45000 10000 L0-;
5 10 14 0 -55000 10000 L0+;
5 15 -54000 11000 1 0;
5 2 1f;
5 11 L 0;
1 Bound -55000 10000 -45000 11500;
( Rotate 90 );
9 ind;
C 0 R 0 1 T -45000 9000;
(SymbolCall ind);
5 10 9 1 -35000 10000 L1-;
5 10 8 0 -45000 10000 L1+;
5 15 -44000 11000 1 0;
5 11 L 1;
5 2 77.5p;
1 Bound -45000 10000 -35000 11500;
( Rotate 90 );
9 ind;
C 0 R 0 1 T -35000 9000;
(SymbolCall ind);
5 10 10 1 -25000 10000 L2-;
5 10 9 0 -35000 10000 L2+;
5 15 -34000 11000 1 0;
5 2 77.5p;
5 11 L 2;
1 Bound -35000 10000 -25000 11500;
( Rotate 90 );
9 ind;
C 0 R 0 1 T -25000 9000;
(SymbolCall ind);
5 10 15 1 -15000 10000 L3-;
5 10 10 0 -25000 10000 L3+;
5 15 -24000 11000 1 0;
5 11 L 3;
5 2 77.5n;
1 Bound -25000 10000 -15000 11500;
( Rotate 90 );
9 ind;
C 0 R 0 1 T -15000 9000;
(SymbolCall ind);
5 10 17 1 0 10000 L4-;
5 10 11 0 10000 10000 L4+;
5 15 9000 11000 -1 0;
5 2 1f;
5 11 L 4;
1 Bound 0 10000 10000 11500;
( Rotate 90 );
9 ind;
C 0 MY R 0 1 T 0 9000;
(SymbolCall ind);
5 10 12 1 20000 10000 L5-;
5 10 11 0 10000 10000 L5+;
5 15 11000 11000 1 0;
5 2 200p;
5 11 L 5;
1 Bound 10000 10000 20000 11500;
( Rotate 90 );
9 ind;
C 0 R 0 1 T 20000 9000;
(SymbolCall ind);
5 10 13 1 30000 10000 L6-;
5 10 12 0 20000 10000 L6+;
5 15 21000 11000 1 0;
5 2 77.5p;
5 11 L 6;
1 Bound 20000 10000 30000 11500;
( Rotate 90 );
9 ind;
C 0 R 0 1 T 30000 9000;
(SymbolCall ind);
5 2 1f;
5 10 2 1 40000 10000 L7-;
5 10 13 0 30000 10000 L7+;
5 15 31000 11000 1 0;
5 11 L 7;
1 Bound 30000 10000 40000 11500;
( Rotate 90 );
9 ind;
C 0 R 0 1 T 40000 9000;
(SymbolCall ind);
5 10 18 1 -65000 0 L8-;
5 10 7 0 -65000 10000 L8+;
5 15 -66000 9000 0 -1;
5 11 L 8;
5 2 247.5n;
1 Bound -66500 0 -65000 10000;
( Rotate 180 );
9 ind;
C 0 MY R -1 0 T -64000 0;
(SymbolCall ind);
5 10 19 1 -45000 0 L9-;
5 10 8 0 -45000 10000 L9+;
5 15 -44000 9000 0 -1;
5 2 1f;
5 11 L 9;
1 Bound -45000 0 -43500 10000;
9 ind;
C 0 T -46000 0;
(SymbolCall ind);
5 10 20 1 -35000 0 L10-;
5 10 9 0 -35000 10000 L10+;
5 15 -34000 9000 0 -1;
5 2 1f;
5 11 L 10;
1 Bound -35000 0 -33500 10000;
9 ind;
C 0 T -36000 0;
(SymbolCall ind);
5 10 21 1 -25000 0 L11-;
5 10 10 0 -25000 10000 L11+;
5 15 -24000 9000 0 -1;
5 2 1f;
5 11 L 11;
1 Bound -25000 0 -23500 10000;
9 ind;
C 0 T -26000 0;
(SymbolCall ind);
5 10 4 1 -15000 0 L12-;
5 10 15 0 -15000 10000 L12+;
5 15 -14000 9000 0 -1;
5 2 200p;
5 17 mutual;
5 11 L 12;
1 Bound -15000 0 -13500 10000;
9 ind;
C 0 T -16000 0;
(SymbolCall ind);
5 10 22 1 -10000 0 L13-;
5 10 16 0 -10000 10000 L13+;
5 15 -11000 9000 0 -1;
5 2 20p;
5 17 mutual;
5 11 L 13;
1 Bound -11500 0 -10000 10000;
( Rotate 180 );
9 ind;
C 0 MY R -1 0 T -9000 0;
(SymbolCall ind);
5 10 23 1 10000 0 L14-;
5 10 11 0 10000 10000 L14+;
5 15 11000 9000 0 -1;
5 2 2f;
5 11 L 14;
1 Bound 10000 0 11500 10000;
9 ind;
C 0 T 9000 0;
(SymbolCall ind);
5 10 24 1 20000 0 L15-;
5 10 12 0 20000 10000 L15+;
5 15 21000 9000 0 -1;
5 2 1f;
5 11 L 15;
1 Bound 20000 0 21500 10000;
9 ind;
C 0 T 19000 0;
(SymbolCall ind);
5 10 25 1 30000 0 L16-;
5 10 13 0 30000 10000 L16+;
5 15 31000 9000 0 -1;
5 2 1f;
5 11 L 16;
1 Bound 30000 0 31500 10000;
9 ind;
C 0 T 29000 0;
(SymbolCall ind);
5 10 0 1 -10000 -10000 L17-;
5 10 22 0 -10000 0 L17+;
5 15 -11000 -1000 0 -1;
5 2 1f;
5 11 L 17;
1 Bound -11500 -10000 -10000 0;
( Rotate 180 );
9 ind;
C 0 MY R -1 0 T -9000 -10000;
(SymbolCall ind);
5 17 mutual;
5 10 0 1 0 -10000 L18-;
5 10 26 0 10000 -10000 L18+;
5 15 9000 -11000 -1 0;
5 2 20p;
5 11 L 18;
1 Bound 0 -11500 10000 -10000;
( Rotate 270 );
9 ind;
C 0 R 0 -1 T 0 -9000;
(SymbolCall ind);
5 17 mutual;
5 2 200p;
5 15 1000 -17000 1 0;
5 11 L 19;
5 10 5 1 10000 -18000 L19-;
5 10 28 0 0 -18000 L19+;
1 Bound 0 -18000 10000 -16500;
( Rotate 90 );
9 ind;
C 0 R 0 1 T 10000 -19000;
(SymbolCall ind);
5 2 200p;
5 10 28 1 0 -18000 L20-;
5 10 29 0 0 -28000 L20+;
5 15 -1000 -27000 0 1;
5 11 L 20;
1 Bound -1500 -28000 0 -18000;
( Rotate 180 );
9 ind;
C 0 R -1 0 T 1000 -18000;
(SymbolCall ind);
5 2 77.5p;
5 17 mutual;
5 11 L 21;
5 15 35000 -21000 0 -1;
5 10 30 1 34000 -30000 L21-;
5 10 0 0 34000 -20000 L21+;
1 Bound 34000 -30000 35500 -20000;
9 ind;
C 0 T 33000 -30000;
(SymbolCall ind);
5 17 mutual;
5 2 77.5p;
5 11 L 22;
5 15 39000 -21000 0 -1;
5 10 0 1 40000 -30000 L22-;
5 10 27 0 40000 -20000 L22+;
1 Bound 38500 -30000 40000 -20000;
( Rotate 180 );
9 ind;
C 0 MY R -1 0 T 41000 -30000;
(SymbolCall ind);
5 10 31 1 10000 -28000 L23-;
5 10 29 0 0 -28000 L23+;
5 15 1000 -27000 1 0;
5 2 1f;
5 11 L 23;
1 Bound 0 -28000 10000 -26500;
( Rotate 90 );
9 ind;
C 0 R 0 1 T 10000 -29000;
(SymbolCall ind);
5 10 29 1 0 -28000 L24-;
5 10 32 0 0 -38000 L24+;
5 15 -1000 -37000 0 1;
5 11 L 24;
5 2 77.5p;
1 Bound -1500 -38000 0 -28000;
( Rotate 180 );
9 ind;
C 0 R -1 0 T 1000 -28000;
(SymbolCall ind);
5 10 33 1 10000 -38000 L25-;
5 10 32 0 0 -38000 L25+;
5 15 1000 -37000 1 0;
5 2 1f;
5 11 L 25;
1 Bound 0 -38000 10000 -36500;
( Rotate 90 );
9 ind;
C 0 R 0 1 T 10000 -39000;
(SymbolCall ind);
5 2 1f;
5 10 32 1 0 -38000 L26-;
5 10 6 0 0 -48000 L26+;
5 15 -1000 -47000 0 1;
5 11 L 26;
1 Bound -1500 -48000 0 -38000;
( Rotate 180 );
9 ind;
C 0 R -1 0 T 1000 -38000;
(SymbolCall isrc);
5 10 7 1 -65000 10000 I0_1;
5 10 0 0 -65000 20000 I0_0;
5 15 -65000 14000 0 -1 @<name>[c];
5 2 pwl(0 0 0.09n 0 0.1n 20u);
5 11 I 0;
5 5 nophys;
1 Bound -67000 10000 -63000 20000;
9 isrc;
C 0 T -67000 10000;
(SymbolCall isrc);
5 10 8 1 -45000 10000 I1_1;
5 10 0 0 -45000 20000 I1_0;
5 15 -45000 14000 0 -1 @<name>[c];
5 2 pwl(0 0 0.09n 0 0.1n 30u);
5 11 I 1;
5 5 nophys;
1 Bound -47000 10000 -43000 20000;
9 isrc;
C 0 T -47000 10000;
(SymbolCall isrc);
5 10 9 1 -35000 10000 I2_1;
5 10 0 0 -35000 20000 I2_0;
5 15 -35000 14000 0 -1 @<name>[c];
5 2 pwl(0 0 0.09n 0 0.1n 36u);
5 11 I 2;
5 5 nophys;
1 Bound -37000 10000 -33000 20000;
9 isrc;
C 0 T -37000 10000;
(SymbolCall isrc);
5 10 10 1 -25000 10000 I3_1;
5 10 0 0 -25000 20000 I3_0;
5 15 -25000 14000 0 -1 @<name>[c];
5 2 pwl(0 0 0.09n 0 0.1n 35u);
5 11 I 3;
5 5 nophys;
1 Bound -27000 10000 -23000 20000;
9 isrc;
C 0 T -27000 10000;
(SymbolCall isrc);
5 10 11 1 10000 10000 I4_1;
5 10 0 0 10000 20000 I4_0;
5 15 10000 14000 0 -1 @<name>[c];
5 2 pwl(0 0 0.09n 0 0.1n 74u);
5 11 I 4;
5 5 nophys;
1 Bound 8000 10000 12000 20000;
9 isrc;
C 0 T 8000 10000;
(SymbolCall isrc);
5 10 12 1 20000 10000 I5_1;
5 10 0 0 20000 20000 I5_0;
5 15 20000 14000 0 -1 @<name>[c];
5 2 pwl(0 0 0.09n 0 0.1ns 36u);
5 5 nophys;
5 11 I 5;
1 Bound 18000 10000 22000 20000;
9 isrc;
C 0 T 18000 10000;
(SymbolCall isrc);
5 10 13 1 30000 10000 I6_1;
5 10 0 0 30000 20000 I6_0;
5 15 30000 14000 0 -1 @<name>[c];
5 2 pwl(0 0 0.09n 0 0.1ns 35u);
5 5 nophys;
5 11 I 6;
1 Bound 28000 10000 32000 20000;
9 isrc;
C 0 T 28000 10000;
(SymbolCall isrc);
5 10 29 1 0 -28000 I7_1;
5 10 0 0 -10000 -28000 I7_0;
5 15 -4000 -28000 1 0 @<name>[c];
5 2 pwl(0 0 0.09n 0 0.1n 35u);
5 11 I 7;
5 5 nophys;
1 Bound -10000 -30000 0 -26000;
( Rotate 90 );
9 isrc;
C 0 R 0 1 T 0 -30000;
(SymbolCall isrc);
5 10 32 1 0 -38000 I8_1;
5 10 0 0 -10000 -38000 I8_0;
5 15 -4000 -38000 1 0 @<name>[c];
5 2 pwl(0 0 0.09n 0 0.1n 36u);
5 11 I 8;
5 5 nophys;
1 Bound -10000 -40000 0 -36000;
( Rotate 90 );
9 isrc;
C 0 R 0 1 T 0 -40000;
(SymbolCall jj);
5 10 34 2 -2000 9000 B0_2;
5 10 16 1 -10000 10000 B0-;
5 10 17 0 0 10000 B0+;
5 3 area=40;
5 1 jjSFQ1;
5 11 B 0;
1 Bound -10000 8500 0 11500;
( Rotate 90 );
9 jj;
C 0 MY R 0 1 T -10000 9000;
(SymbolCall jj);
5 10 35 2 -46000 -2000 B1_2;
5 10 0 1 -45000 -10000 B1-;
5 10 19 0 -45000 0 B1+;
5 3 area=40;
5 1 jjSFQ1;
5 11 B 1;
1 Bound -46500 -10000 -43500 0;
9 jj;
C 0 T -46000 -10000;
(SymbolCall jj);
5 10 36 2 -36000 -2000 B2_2;
5 10 0 1 -35000 -10000 B2-;
5 10 20 0 -35000 0 B2+;
5 3 area=40;
5 1 jjSFQ1;
5 11 B 2;
1 Bound -36500 -10000 -33500 0;
9 jj;
C 0 T -36000 -10000;
(SymbolCall jj);
5 10 37 2 -26000 -2000 B3_2;
5 10 0 1 -25000 -10000 B3-;
5 10 21 0 -25000 0 B3+;
5 3 area=40;
5 1 jjSFQ1;
5 11 B 3;
1 Bound -26500 -10000 -23500 0;
9 jj;
C 0 T -26000 -10000;
(SymbolCall jj);
5 10 38 2 9000 -2000 B4_2;
5 10 26 1 10000 -10000 B4-;
5 10 23 0 10000 0 B4+;
5 11 B 4;
5 3 area=40;
5 1 jjSFQ1;
1 Bound 8500 -10000 11500 0;
9 jj;
C 0 T 9000 -10000;
(SymbolCall jj);
5 10 39 2 19000 -2000 B5_2;
5 10 0 1 20000 -10000 B5-;
5 10 24 0 20000 0 B5+;
5 1 jjSFQ1;
5 3 area=40;
5 11 B 5;
1 Bound 18500 -10000 21500 0;
9 jj;
C 0 T 19000 -10000;
(SymbolCall jj);
5 10 40 2 29000 -2000 B6_2;
5 10 0 1 30000 -10000 B6-;
5 10 25 0 30000 0 B6+;
5 1 jjSFQ1;
5 3 area=40;
5 11 B 6;
1 Bound 28500 -10000 31500 0;
9 jj;
C 0 T 29000 -10000;
(SymbolCall jj);
5 10 41 2 12000 -29000 B7_2;
5 10 0 1 20000 -28000 B7-;
5 10 31 0 10000 -28000 B7+;
5 3 area=40;
5 11 B 7;
5 1 jjSFQ1;
1 Bound 10000 -29500 20000 -26500;
( Rotate 90 );
9 jj;
C 0 R 0 1 T 20000 -29000;
(SymbolCall jj);
5 10 42 2 12000 -39000 B8_2;
5 10 0 1 20000 -38000 B8-;
5 10 33 0 10000 -38000 B8+;
5 11 B 8;
5 3 area=40;
5 1 jjSFQ1;
1 Bound 10000 -39500 20000 -36500;
( Rotate 90 );
9 jj;
C 0 R 0 1 T 20000 -39000;
(SymbolCall res);
5 10 0 1 -17000 24000 R0-;
5 10 1 0 -7000 24000 R0+;
5 15 -8000 25000 -1 0 "<v>/<value>O";
5 11 R 0;
5 2 1;
1 Bound -17000 23000 -7000 25250;
( Rotate 270 );
9 res;
C 0 R 0 -1 T -7000 24000;
(SymbolCall res);
5 10 3 1 -75000 2000 R1-;
5 10 0 0 -75000 12000 R1+;
5 15 -74000 11000 0 -1 "<v>/<value>O";
5 2 1;
5 11 R 1;
1 Bound -76000 2000 -73750 12000;
( Rotate 180 );
9 res;
C 0 MY R -1 0 T -75000 12000;
(SymbolCall res);
5 10 14 1 -55000 10000 R2-;
5 10 7 0 -65000 10000 R2+;
5 15 -64000 9000 1 0 "<v>/<value>O";
5 2 v(1)+8.25;
5 11 R 2;
1 Bound -65000 8750 -55000 11000;
( Rotate 90 );
9 res;
C 0 R 0 1 T -65000 10000;
(SymbolCall res);
5 10 0 1 -65000 -10000 R3-;
5 10 18 0 -65000 0 R3+;
5 15 -66000 -1000 0 -1 "<v>/<value>O";
5 2 v(3)+1e-6;
5 11 R 3;
1 Bound -66250 -10000 -64000 0;
9 res;
C 0 T -65000 0;
(SymbolCall res);
5 10 0 1 -25000 -10000 R4-;
5 10 4 0 -15000 -10000 R4+;
5 15 -16000 -11000 -1 0 "<v>/<value>O";
5 2 v(1)+1.55;
5 11 R 4;
1 Bound -25000 -11250 -15000 -9000;
( Rotate 90 );
9 res;
C 0 MY R 0 1 T -15000 -10000;
(SymbolCall res);
5 2 v(1)+0.0775;
5 11 R 5;
5 15 39000 -11000 0 -1 "<v>/<value>O";
5 10 27 1 40000 -20000 R5-;
5 10 2 0 40000 -10000 R5+;
1 Bound 38750 -20000 41000 -10000;
9 res;
C 0 T 40000 -10000;
(SymbolCall res);
5 2 v(1)+0.04;
5 10 0 1 20000 -28000 R6-;
5 10 5 0 20000 -18000 R6+;
5 15 21000 -19000 0 -1 "<v>/<value>O";
5 11 R 6;
1 Bound 19000 -28000 21250 -18000;
( Rotate 180 );
9 res;
C 0 MY R -1 0 T 20000 -18000;
(SymbolCall res);
5 11 R 7;
5 2 v(1)+0.0775;
5 15 33000 -31000 0 -1 "<v>/<value>O";
5 10 6 1 34000 -40000 R7-;
5 10 30 0 34000 -30000 R7+;
1 Bound 32750 -40000 35000 -30000;
9 res;
C 0 T 34000 -30000;
(SymbolCall vsrc);
5 10 0 1 5000 24000 V0_1;
5 10 1 0 -5000 24000 V0_0;
5 15 -1000 24000 1 0;
5 11 V 0;
5 5 nophys;
5 2 pwl(0 1e5 0.2ns 1e5 0.3ns 0);
1 Bound -5000 22000 5000 26000;
( Rotate 90 );
9 vsrc;
C 0 R 0 1 T 5000 22000;
(SymbolCall vsrc);
5 2 pulse(0 5e3 5ns 1ns 1ns 1ns 50ns)*pwl(0s 1 210ns 1 215ns 0);
5 10 0 1 -75000 -10000 V1_1;
5 10 3 0 -75000 0 V1_0;
5 15 -75000 -4000 0 -1;
5 5 nophys;
5 11 V 1;
1 Bound -77000 -10000 -73000 0;
( Rotate 180 );
9 vsrc;
C 0 MY R -1 0 T -73000 -10000;
L SCED;
5 10 1;
W2 0 -7000 24000 -5000 24000;
5 10 2;
W2 0 40000 10000 40000 -10000;
5 10 3;
W2 0 -75000 2000 -75000 0;
5 10 4;
W2 0 -15000 0 -15000 -10000;
5 10 0;
W2 0 0 -10000 -10000 -10000;
5 10 5;
W2 0 10000 -18000 20000 -18000;
5 10 6;
W2 0 0 -48000 34000 -48000 34000 -40000;
L NAME;
5 16 V 0 11;
94 <<V0>> -4750 26250 0 1275 1000;
5 16 R 0 11;
94 <<R0>> -16750 25500 0 1275 1000;
5 16 I 0 11;
94 <<I0>> -67250 18750 320 975 1000;
5 16 I 1 11;
94 <<I1>> -47250 18750 320 750 1000;
5 16 I 2 11;
94 <<I2>> -37250 18750 320 975 1000;
5 16 I 3 11;
94 <<I3>> -27250 18750 320 975 1000;
5 16 I 4 11;
94 <<I4>> 7750 18750 320 975 1000;
5 16 I 5 11;
94 <<I5>> 17750 18750 320 975 1000;
5 16 I 6 11;
94 <<I6>> 27750 18750 320 975 1000;
5 16 L 0 11;
94 <<L0>> -54750 11750 0 1275 1000;
5 16 L 4 11;
94 <<L4>> 4250 11750 0 1275 1000;
5 16 L 5 11;
94 <<L5>> 10250 11750 0 1275 1000;
5 16 L 6 11;
94 <<L6>> 20250 11750 0 1275 1000;
5 16 R 2 11;
94 <<R2>> -64750 11250 0 1275 1000;
5 16 B 0 11;
94 <<B0>> -7750 9750 0 1275 1000;
5 16 L 1 11;
94 <<L1>> -41750 8750 0 1050 1000;
5 16 L 2 11;
94 <<L2>> -31750 8750 0 1275 1000;
5 16 L 3 11;
94 <<L3>> -21750 8750 0 1275 1000;
5 16 L 7 11;
94 <<L7>> 33250 8750 0 1275 1000;
5 16 R 1 11;
94 <<R1>> -73250 6750 320 1050 1000;
5 16 L 9 11;
94 <<L9>> -45250 6750 320 1275 1000;
5 16 L 10 11;
94 <<L10>> -35250 6750 320 1650 1000;
5 16 L 11 11;
94 <<L11>> -25250 6750 320 1425 1000;
5 16 L 12 11;
94 <<L12>> -15250 5750 320 1650 1000;
5 16 L 13 11;
94 <<L13>> -8750 5750 320 1650 1000;
5 16 L 14 11;
94 <<L14>> 9750 5750 320 1650 1000;
5 16 L 15 11;
94 <<L15>> 19750 5750 320 1650 1000;
5 16 L 16 11;
94 <<L16>> 29750 5750 320 1650 1000;
5 16 L 8 11;
94 <<L8>> -66750 4750 320 1275 1000;
5 16 B 1 11;
94 <<B1>> -46750 -1250 320 1050 1000;
5 16 B 2 11;
94 <<B2>> -36750 -1250 320 1275 1000;
5 16 B 3 11;
94 <<B3>> -26750 -1250 320 1275 1000;
5 16 V 1 11;
94 <<V1>> -73250 -2750 324 1050 1000;
5 16 R 3 11;
94 <<R3>> -66500 -4250 320 1275 1000;
5 16 B 4 11;
94 <<B4>> 8250 -4250 320 1275 1000;
5 16 B 5 11;
94 <<B5>> 18250 -4250 320 1275 1000;
5 16 B 6 11;
94 <<B6>> 28250 -4250 320 1275 1000;
5 16 L 17 11;
94 <<L17>> -9250 -6250 326 1650 1000;
5 16 R 4 11;
94 <<R4>> -18750 -8750 0 1275 1000;
5 16 L 18 11;
94 <<L18>> 250 -9750 0 1650 1000;
5 16 R 5 11;
94 <<R5>> 43500 -13250 320 1275 1000;
5 16 L 19 11;
94 <<L19>> 250 -16250 0 1650 1000;
5 16 R 6 11;
94 <<R6>> 18750 -19250 320 1275 1000;
5 16 L 20 11;
94 <<L20>> 2250 -21250 320 1875 1000;
5 16 L 23 11;
94 <<L23>> 4250 -26250 0 1875 1000;
5 16 B 7 11;
94 <<B7>> 10250 -26250 0 1275 1000;
5 16 L 21 11;
94 <<L21>> 33750 -26250 320 1650 1000;
5 16 L 22 11;
94 <<L22>> 42250 -26250 320 1875 1000;
5 16 L 24 11;
94 <<L24>> 2250 -30250 320 1875 1000;
5 16 I 7 11;
94 <<I7>> -6750 -31750 7 975 1000;
5 16 R 7 11;
94 <<R7>> 32500 -33250 320 1275 1000;
5 16 L 25 11;
94 <<L25>> 4250 -36250 0 1875 1000;
5 16 B 8 11;
94 <<B8>> 10250 -36250 0 1275 1000;
5 16 I 8 11;
94 <<I8>> -6750 -41750 7 975 1000;
5 16 L 26 11;
94 <<L26>> 2250 -42250 320 1875 1000;
L MODL;
5 16 B 0 1;
94 <<jjSFQ1>> -3250 8250 320 3300 1000;
5 16 B 1 1;
94 <<jjSFQ1>> -43250 -4250 256 3300 1000;
5 16 B 2 1;
94 <<jjSFQ1>> -33250 -4250 256 3300 1000;
5 16 B 3 1;
94 <<jjSFQ1>> -23250 -4250 256 3300 1000;
5 16 B 4 1;
94 <<jjSFQ1>> 11750 -4250 256 3300 1000;
5 16 B 5 1;
94 <<jjSFQ1>> 21750 -4250 256 3300 1000;
5 16 B 6 1;
94 <<jjSFQ1>> 31750 -4250 256 3300 1000;
5 16 B 7 1;
94 <<jjSFQ1>> 19750 -29750 320 3300 1000;
5 16 B 8 1;
94 <<jjSFQ1>> 19750 -39750 320 3300 1000;
L VALU;
5 16 I 5 2;
94 <<pwl(0 0 0.09n 0 0.1ns 36u)>> 22000 13250 33025 13800 1000;
5 16 I 6 2;
94 <<pwl(0 0 0.09n 0 0.1ns 35u)>> 32250 13250 33025 13800 1000;
5 16 I 4 2;
94 <<pwl(0 0 0.09n 0 0.1n 74u)>> 12250 13250 33025 13200 1000;
5 16 I 0 2;
94 <<pwl(0 0 0.09n 0 0.1n 20u)>> -61750 12250 33025 13200 1000;
5 16 I 1 2;
94 <<pwl(0 0 0.09n 0 0.1n 30u)>> -42750 12250 33025 13200 1000;
5 16 I 2 2;
94 <<pwl(0 0 0.09n 0 0.1n 36u)>> -32750 12250 33025 13200 1000;
5 16 I 3 2;
94 <<pwl(0 0 0.09n 0 0.1n 35u)>> -22750 12250 33025 13200 1000;
5 16 R 0 2;
94 <<1>> -12250 22750 33088 450 1000;
5 16 V 1 2;
94 <<pulse(0 5e3 5ns 1ns 1ns 1ns 50ns)*pwl(0s 1 210ns 1 215ns 0)>> -78750 -9750 33025 32100 1000;
5 16 V 0 2;
94 <<pwl(0 1e5 0.2ns 1e5 0.3ns 0)>> 4750 21750 33088 14775 1000;
5 16 L 0 2;
94 <<1f>> -45250 9750 33088 975 1000;
5 16 L 1 2;
94 <<77.5p>> -37250 9750 33088 2700 1000;
5 16 L 2 2;
94 <<77.5p>> -27250 9750 33088 2700 1000;
5 16 L 3 2;
94 <<77.5n>> -17250 9750 33088 2700 1000;
5 16 L 4 2;
94 <<1f>> 5750 9750 33088 975 1000;
5 16 L 5 2;
94 <<200p>> 19750 9750 33088 2475 1000;
5 16 L 6 2;
94 <<77.5p>> 29750 9750 33088 2700 1000;
5 16 L 7 2;
94 <<1f>> 37750 9750 33088 975 1000;
5 16 R 1 2;
94 <<1>> -73500 8750 33024 450 1000;
5 16 R 2 2;
94 <<v(1)+8.25>> -55250 8500 33088 4275 1000;
5 16 L 14 2;
94 <<2f>> 11750 5750 33024 1200 1000;
5 16 L 15 2;
94 <<1f>> 21750 5750 33024 975 1000;
5 16 L 16 2;
94 <<1f>> 31750 5750 33024 975 1000;
5 16 K 3 14;
94 <<K3=1>> -13587 4500 0 2175 1000;
5 16 L 9 2;
94 <<1f>> -46250 4750 33024 975 1000;
5 16 L 10 2;
94 <<1f>> -36250 4750 33024 975 1000;
5 16 L 11 2;
94 <<1f>> -26250 4750 33024 975 1000;
5 16 L 8 2;
94 <<247.5n>> -64750 3750 33024 3300 1000;
5 16 L 12 2;
94 <<200p>> -17250 3750 33024 2475 1000;
5 16 L 13 2;
94 <<20p>> -9750 3750 33024 1875 1000;
5 16 R 3 2;
94 <<v(3)+1e-6>> -63750 -4250 33024 4650 1000;
5 16 L 17 2;
94 <<1f>> -8750 -4250 33024 975 1000;
5 16 R 4 2;
94 <<v(1)+1.55>> -17250 -11500 33088 4050 1000;
5 16 L 18 2;
94 <<20p>> 9750 -11750 33088 1875 1000;
5 16 K 1 14;
94 <<K1=1>> 3913 -14500 0 1950 1000;
5 16 R 5 2;
94 <<v(1)+0.0775>> 42250 -15250 33024 5475 1000;
5 16 L 19 2;
94 <<200p>> 9750 -18250 33088 2475 1000;
5 16 R 6 2;
94 <<v(1)+0.04>> 21500 -18250 33024 4275 1000;
5 16 L 20 2;
94 <<200p>> 250 -20250 33024 2475 1000;
5 16 I 7 2;
94 <<pwl(0 0 0.09n 0 0.1n 35u)>> -3250 -25250 33092 13200 1000;
5 16 L 21 2;
94 <<77.5p>> 31750 -24250 33024 2700 1000;
5 16 L 22 2;
94 <<77.5p>> 40250 -24250 33024 2700 1000;
5 16 K 2 14;
94 <<K2=-1>> 35613 -25500 0 2775 1000;
5 16 L 23 2;
94 <<1f>> 5750 -28250 33088 975 1000;
5 16 L 24 2;
94 <<77.5p>> 250 -32250 33024 2700 1000;
5 16 I 8 2;
94 <<pwl(0 0 0.09n 0 0.1n 36u)>> -2250 -35250 33092 13200 1000;
5 16 R 7 2;
94 <<v(1)+0.0775>> 27250 -35250 33024 5475 1000;
5 16 L 25 2;
94 <<1f>> 5750 -38250 33088 975 1000;
5 16 L 26 2;
94 <<1f>> 250 -43250 33024 975 1000;
L PARM;
5 16 B 0 3;
94 <<area=40>> -6750 7250 33024 4200 1000;
5 16 B 1 3;
94 <<area=40>> -43250 -6750 32768 4200 1000;
5 16 B 2 3;
94 <<area=40>> -33250 -6750 32768 4200 1000;
5 16 B 3 3;
94 <<area=40>> -23250 -6750 32768 4200 1000;
5 16 B 4 3;
94 <<area=40>> 11750 -6750 32768 4200 1000;
5 16 B 5 3;
94 <<area=40>> 21750 -6750 32768 4200 1000;
5 16 B 6 3;
94 <<area=40>> 31750 -6750 32768 4200 1000;
5 16 B 7 3;
94 <<area=40>> 10250 -30750 33024 4200 1000;
5 16 B 8 3;
94 <<area=40>> 10250 -40750 33024 4200 1000;
DF;
E
* Generated by Xic from cell 09_neuron_1sy_1rs__mi_feedback_01
.tran 10p 350n
.plot tran L0#branch L12#branch L4#branch L14#branch L7#branch L21#branch L19#branch L23#branch v(38) v(34) v(41) v(11) v(29)
B0 17 16 34 jjSFQ1 area=40
B1 19 0 35 jjSFQ1 area=40
B2 20 0 36 jjSFQ1 area=40
B3 21 0 37 jjSFQ1 area=40
B4 23 26 38 jjSFQ1 area=40
B5 24 0 39 jjSFQ1 area=40
B6 25 0 40 jjSFQ1 area=40
B7 31 0 41 jjSFQ1 area=40
B8 33 0 42 jjSFQ1 area=40
I0 0 7 pwl(0 0 0.09n 0 0.1n 20u)
I1 0 8 pwl(0 0 0.09n 0 0.1n 30u)
I2 0 9 pwl(0 0 0.09n 0 0.1n 36u)
I3 0 10 pwl(0 0 0.09n 0 0.1n 35u)
I4 0 11 pwl(0 0 0.09n 0 0.1n 74u)
I5 0 12 pwl(0 0 0.09n 0 0.1ns 36u)
I6 0 13 pwl(0 0 0.09n 0 0.1ns 35u)
I7 0 29 pwl(0 0 0.09n 0 0.1n 35u)
I8 0 32 pwl(0 0 0.09n 0 0.1n 36u)
K1 L18 L19 1
K2 L21 L22 -1
K3 L12 L13 1
L0 14 8 1f
L1 8 9 77.5p
L2 9 10 77.5p
L3 10 15 77.5n
L4 11 17 1f
L5 11 12 200p
L6 12 13 77.5p
L7 13 2 1f
L8 7 18 247.5n
L9 8 19 1f
L10 9 20 1f
L11 10 21 1f
L12 15 4 200p
L13 16 22 20p
L14 11 23 2f
L15 12 24 1f
L16 13 25 1f
L17 22 0 1f
L18 26 0 20p
L19 28 5 200p
L20 29 28 200p
L21 0 30 77.5p
L22 27 0 77.5p
L23 29 31 1f
L24 32 29 77.5p
L25 32 33 1f
L26 6 32 1f
R0 1 0 1
R1 0 3 1
R2 7 14 v(1)+8.25
R3 18 0 v(3)+1e-6
R4 4 0 v(1)+1.55
R5 2 27 v(1)+0.0775
R6 5 0 v(1)+0.04
R7 30 6 v(1)+0.0775
V0 1 0 pwl(0 1e5 0.2ns 1e5 0.3ns 0)
V1 3 0 pulse(0 5e3 5ns 1ns 1ns 1ns 50ns)*pwl(0s 1 210ns 1 215ns 0)
.model jjSFQ1 jj(rtype=0, cct=1, vg=2.8m, icrit=1u, cap= 5f, vshunt=0.25mV)
.save @I0[c]
.save @I1[c]
.save @I2[c]
.save @I6[c]
.save @I7[c]
.save @I5[c]
.save @I3[c]
.save @I4[c]
.save @I8[c]
