(Symbol SI_dissipation);
($Id:$);
(PHYSICAL);
(RESOLUTION 1000);
9 SI_dissipation;
DS 0 1 1;
DF;
E
(ELECTRICAL);
(RESOLUTION 1000);
5 7103 (||1:-48000 1201||);
5 7102 i(l12);
5 7101 tran 1p 500n;
5 10 7 0 22000 0;
5 14 1 L 16 L 17 -1;
5 14 2 L 11 L 10 1;
5 11 X 0 subckt;
9 SI_dissipation;
DS 0 1 1;
(SymbolCall gnd);
5 10 0 0 -34000 38000;
1 Bound -36600 37000 -34000 39000;
( Rotate 90 );
9 gnd;
C 0 MY R 0 1 T -35000 37000;
(SymbolCall gnd);
5 10 0 0 -11000 38000;
1 Bound -11000 37000 -8400 39000;
( Rotate 270 );
9 gnd;
C 0 MY R 0 -1 T -10000 39000;
(SymbolCall gnd);
5 10 0 0 -40000 20000;
1 Bound -41000 20000 -39000 22600;
( Rotate 180 );
9 gnd;
C 0 R -1 0 T -39000 21000;
(SymbolCall gnd);
5 10 0 0 -20000 20000;
1 Bound -21000 20000 -19000 22600;
( Rotate 180 );
9 gnd;
C 0 R -1 0 T -19000 21000;
(SymbolCall gnd);
5 10 0 0 -10000 20000;
1 Bound -11000 20000 -9000 22600;
( Rotate 180 );
9 gnd;
C 0 R -1 0 T -9000 21000;
(SymbolCall gnd);
5 10 0 0 0 20000;
1 Bound -1000 20000 1000 22600;
( Rotate 180 );
9 gnd;
C 0 R -1 0 T 1000 21000;
(SymbolCall gnd);
5 10 0 0 50000 20000;
1 Bound 49000 20000 51000 22600;
( Rotate 180 );
9 gnd;
C 0 R -1 0 T 51000 21000;
(SymbolCall gnd);
5 10 0 0 70000 20000;
1 Bound 69000 20000 71000 22600;
( Rotate 180 );
9 gnd;
C 0 R -1 0 T 71000 21000;
(SymbolCall gnd);
5 10 0 0 -48000 13000;
1 Bound -49000 13000 -47000 15600;
( Rotate 180 );
9 gnd;
C 0 R -1 0 T -47000 14000;
(SymbolCall gnd);
5 10 0 0 -48000 -10000;
1 Bound -49000 -12600 -47000 -10000;
9 gnd;
C 0 T -49000 -11000;
(SymbolCall gnd);
5 10 0 0 -40000 -10000;
1 Bound -41000 -12600 -39000 -10000;
9 gnd;
C 0 T -41000 -11000;
(SymbolCall gnd);
5 10 0 0 -20000 -10000;
1 Bound -21000 -12600 -19000 -10000;
9 gnd;
C 0 T -21000 -11000;
(SymbolCall gnd);
5 10 0 0 -10000 -10000;
1 Bound -11000 -12600 -9000 -10000;
9 gnd;
C 0 T -11000 -11000;
(SymbolCall gnd);
5 10 0 0 70000 -15000;
1 Bound 69000 -17600 71000 -15000;
9 gnd;
C 0 T 69000 -16000;
(SymbolCall gnd);
5 10 0 0 0 -38000;
1 Bound -1000 -38000 1000 -35400;
( Rotate 180 );
9 gnd;
C 0 R -1 0 T 1000 -37000;
(SymbolCall gnd);
5 10 0 0 58000 -38000;
1 Bound 58000 -39000 60600 -37000;
( Rotate 90 );
9 gnd;
C 0 R 0 1 T 59000 -39000;
(SymbolCall gnd);
5 10 0 0 -1000 -73000;
1 Bound -2000 -75600 0 -73000;
9 gnd;
C 0 T -2000 -74000;
(SymbolCall ind);
5 10 16 1 -20000 10000 L0-;
5 10 19 0 -30000 10000 L0+;
5 15 -29000 11000 1 0;
5 11 L 0;
5 2 1f;
1 Bound -30000 10000 -20000 11500;
( Rotate 90 );
9 ind;
C 0 R 0 1 T -20000 9000;
(SymbolCall ind);
5 10 17 1 -10000 10000 L1-;
5 10 16 0 -20000 10000 L1+;
5 15 -19000 11000 1 0;
5 2 77.5p;
5 11 L 1;
1 Bound -20000 10000 -10000 11500;
( Rotate 90 );
9 ind;
C 0 R 0 1 T -10000 9000;
(SymbolCall ind);
5 10 18 1 0 10000 L2-;
5 10 17 0 -10000 10000 L2+;
5 15 -9000 11000 1 0;
5 2 77.5p;
5 11 L 2;
1 Bound -10000 10000 0 11500;
( Rotate 90 );
9 ind;
C 0 R 0 1 T 0 9000;
(SymbolCall ind);
5 10 3 1 10000 10000 L3-;
5 10 18 0 0 10000 L3+;
5 15 1000 11000 1 0;
5 2 200n;
5 11 L 3;
1 Bound 0 10000 10000 11500;
( Rotate 90 );
9 ind;
C 0 R 0 1 T 10000 9000;
(SymbolCall ind);
5 10 2 1 66000 10000 L4-;
5 10 5 0 56000 10000 L4+;
5 15 57000 11000 1 0;
5 2 77.5p;
5 11 L 4;
1 Bound 56000 10000 66000 11500;
( Rotate 90 );
9 ind;
C 0 R 0 1 T 66000 9000;
(SymbolCall ind);
5 10 20 1 -40000 0 L5-;
5 10 15 0 -40000 10000 L5+;
5 15 -41000 9000 0 -1;
5 2 247.5n;
5 11 L 5;
1 Bound -41500 0 -40000 10000;
( Rotate 180 );
9 ind;
C 0 MY R -1 0 T -39000 0;
(SymbolCall ind);
5 10 21 1 -20000 0 L6-;
5 10 16 0 -20000 10000 L6+;
5 15 -19000 9000 0 -1;
5 2 1f;
5 11 L 6;
1 Bound -20000 0 -18500 10000;
9 ind;
C 0 T -21000 0;
(SymbolCall ind);
5 2 1f;
5 15 -9000 9000 0 -1;
5 11 L 7;
5 10 22 1 -10000 0 L7-;
5 10 17 0 -10000 10000 L7+;
1 Bound -10000 0 -8500 10000;
9 ind;
C 0 T -11000 0;
(SymbolCall ind);
5 10 23 1 0 0 L8-;
5 10 18 0 0 10000 L8+;
5 15 1000 9000 0 -1;
5 2 1f;
5 11 L 8;
1 Bound 0 0 1500 10000;
9 ind;
C 0 T -1000 0;
(SymbolCall ind);
5 10 8 1 70000 -2000 L9-;
5 10 2 0 70000 8000 L9+;
5 15 71000 7000 0 -1;
5 2 1f;
5 11 L 9;
1 Bound 70000 -2000 71500 8000;
9 ind;
C 0 T 69000 -2000;
(SymbolCall ind);
5 10 10 1 22000 -10000 L10-;
5 10 7 0 22000 0 L10+;
5 15 23000 -1000 0 -1;
5 17 mutual;
5 2 200p;
5 11 L 10;
1 Bound 22000 -10000 23500 0;
9 ind;
C 0 T 21000 -10000;
(SymbolCall ind);
5 10 11 1 27000 -10000 L11-;
5 10 4 0 27000 0 L11+;
5 15 28000 -1000 0 -1;
5 17 mutual;
5 2 10p;
5 11 L 11;
1 Bound 27000 -10000 28500 0;
9 ind;
C 0 T 26000 -10000;
(SymbolCall ind);
5 10 0 1 50000 -27000 L12-;
5 10 9 0 50000 -17000 L12+;
5 15 51000 -18000 0 -1;
5 2 1n;
5 11 L 12;
1 Bound 50000 -27000 51500 -17000;
9 ind;
C 0 T 49000 -27000;
(SymbolCall ind);
5 10 24 1 0 -48000 L13-;
5 10 2 0 -10000 -48000 L13+;
5 15 -9000 -47000 1 0;
5 2 77.5p;
5 11 L 13;
1 Bound -10000 -48000 0 -46500;
( Rotate 90 );
9 ind;
C 0 R 0 1 T 0 -49000;
(SymbolCall ind);
5 10 12 1 10000 -48000 L14-;
5 10 24 0 0 -48000 L14+;
5 15 1000 -47000 1 0;
5 2 1n;
5 11 L 14;
1 Bound 0 -48000 10000 -46500;
( Rotate 90 );
9 ind;
C 0 R 0 1 T 10000 -49000;
(SymbolCall ind);
5 10 25 1 0 -58000 L15-;
5 10 24 0 0 -48000 L15+;
5 15 1000 -49000 0 -1;
5 2 1f;
5 11 L 15;
1 Bound 0 -58000 1500 -48000;
9 ind;
C 0 T -1000 -58000;
(SymbolCall ind);
5 10 14 1 22000 -68000 L16-;
5 10 13 0 22000 -58000 L16+;
5 15 23000 -59000 0 -1;
5 17 mutual;
5 2 200p;
5 11 L 16;
1 Bound 22000 -68000 23500 -58000;
9 ind;
C 0 T 21000 -68000;
(SymbolCall ind);
5 10 0 1 27000 -68000 L17-;
5 10 11 0 27000 -58000 L17+;
5 15 28000 -59000 0 -1;
5 2 10p;
5 11 L 17;
5 17 mutual;
1 Bound 27000 -68000 28500 -58000;
9 ind;
C 0 T 26000 -68000;
(SymbolCall isrc);
5 10 15 1 -40000 10000 I0_1;
5 10 0 0 -40000 20000 I0_0;
5 15 -40000 14000 0 -1 @<name>[c];
5 2 pwl(0 0 0.09n 0 0.1n 20u);
5 11 I 0;
5 5 nophys;
1 Bound -42000 10000 -38000 20000;
9 isrc;
C 0 T -42000 10000;
(SymbolCall isrc);
5 10 16 1 -20000 10000 I1_1;
5 10 0 0 -20000 20000 I1_0;
5 15 -20000 14000 0 -1 @<name>[c];
5 2 pwl(0 0 0.09ns 0 0.1ns 30.025u);
5 11 I 1;
5 5 nophys;
1 Bound -22000 10000 -18000 20000;
9 isrc;
C 0 T -22000 10000;
(SymbolCall isrc);
5 10 17 1 -10000 10000 I2_1;
5 10 0 0 -10000 20000 I2_0;
5 15 -10000 14000 0 -1 @<name>[c];
5 2 pwl(0 0 0.09ns 0 0.1ns 36u);
5 5 nophys;
5 11 I 2;
1 Bound -12000 10000 -8000 20000;
9 isrc;
C 0 T -12000 10000;
(SymbolCall isrc);
5 10 18 1 0 10000 I3_1;
5 10 0 0 0 20000 I3_0;
5 15 0 14000 0 -1 @<name>[c];
5 2 pwl(0 0 0.09ns 0 0.1ns 39u);
5 5 nophys;
5 11 I 3;
1 Bound -2000 10000 2000 20000;
9 isrc;
C 0 T -2000 10000;
(SymbolCall isrc);
5 10 5 1 50000 10000 I4_1;
5 10 0 0 50000 20000 I4_0;
5 15 50000 14000 0 -1 @<name>[c];
5 2 pwl(0 0 0.09ns 0 0.1ns 65u);
5 5 nophys;
5 11 I 4;
1 Bound 48000 10000 52000 20000;
9 isrc;
C 0 T 48000 10000;
(SymbolCall isrc);
5 10 2 1 70000 10000 I5_1;
5 10 0 0 70000 20000 I5_0;
5 15 70000 14000 0 -1 @<name>[c];
5 2 pwl(0 0 0.09ns 0 0.1ns 30u);
5 5 nophys;
5 11 I 5;
1 Bound 68000 10000 72000 20000;
9 isrc;
C 0 T 68000 10000;
(SymbolCall isrc);
5 10 24 1 0 -48000 I6_1;
5 10 0 0 0 -38000 I6_0;
5 15 0 -44000 0 -1 @<name>[c];
5 5 nophys;
5 2 pwl(0 0 0.09ns 0 0.1ns 39u);
5 11 I 6;
1 Bound -2000 -48000 2000 -38000;
9 isrc;
C 0 T -2000 -48000;
(SymbolCall jj);
5 10 26 2 43000 11000 B0_2;
5 10 4 1 35000 10000 B0-;
5 10 5 0 45000 10000 B0+;
5 11 B 0;
5 1 jjSFQ1;
5 3 area=40;
1 Bound 35000 8500 45000 11500;
( Rotate 270 );
9 jj;
C 0 R 0 -1 T 35000 11000;
(SymbolCall jj);
5 10 27 2 49000 4000 B1_2;
5 10 9 1 50000 -4000 B1-;
5 10 5 0 50000 6000 B1+;
5 3 area=40;
5 1 jjSFQ1;
5 11 B 1;
1 Bound 48500 -4000 51500 6000;
9 jj;
C 0 T 49000 -4000;
(SymbolCall jj);
5 10 28 2 -21000 -2000 B2_2;
5 10 0 1 -20000 -10000 B2-;
5 10 21 0 -20000 0 B2+;
5 11 B 2;
5 3 area=40;
5 1 jjSFQ1;
1 Bound -21500 -10000 -18500 0;
9 jj;
C 0 T -21000 -10000;
(SymbolCall jj);
5 1 jjSFQ1;
5 3 area=40;
5 11 B 3;
5 10 29 2 -11000 -2000 B3_2;
5 10 0 1 -10000 -10000 B3-;
5 10 22 0 -10000 0 B3+;
1 Bound -11500 -10000 -8500 0;
9 jj;
C 0 T -11000 -10000;
(SymbolCall jj);
5 10 30 2 -1000 -2000 B4_2;
5 10 0 1 0 -10000 B4-;
5 10 23 0 0 0 B4+;
5 1 jjSFQ1;
5 3 area=40;
5 11 B 4;
1 Bound -1500 -10000 1500 0;
9 jj;
C 0 T -1000 -10000;
(SymbolCall jj);
5 10 31 2 69000 -5000 B5_2;
5 10 0 1 70000 -13000 B5-;
5 10 8 0 70000 -3000 B5+;
5 11 B 5;
5 3 area=40;
5 1 jjSFQ1;
1 Bound 68500 -13000 71500 -3000;
9 jj;
C 0 T 69000 -13000;
(SymbolCall jj);
5 10 32 2 -1000 -60000 B6_2;
5 10 0 1 0 -68000 B6-;
5 10 25 0 0 -58000 B6+;
5 3 area=40;
5 1 jjSFQ1;
5 11 B 6;
1 Bound -1500 -68000 1500 -58000;
9 jj;
C 0 T -1000 -68000;
(SymbolCall res);
5 10 0 1 -34000 38000 R0-;
5 10 1 0 -24000 38000 R0+;
5 15 -25000 37000 -1 0 "<v>/<value>O";
5 2 1;
5 11 R 0;
1 Bound -34000 36750 -24000 39000;
( Rotate 90 );
9 res;
C 0 MY R 0 1 T -24000 38000;
(SymbolCall res);
5 10 19 1 -30000 10000 R1-;
5 10 15 0 -40000 10000 R1+;
5 15 -39000 9000 1 0 "<v>/<value>O";
5 2 R=v(1)+8.25*10;
5 11 R 1;
1 Bound -40000 8750 -30000 11000;
( Rotate 90 );
9 res;
C 0 R 0 1 T -40000 10000;
(SymbolCall res);
5 10 7 1 20000 0 R2-;
5 10 3 0 20000 10000 R2+;
5 15 19000 9000 0 -1 "<v>/<value>O";
5 11 R 2;
5 2 0.02*1;
1 Bound 18750 0 21000 10000;
9 res;
C 0 T 20000 10000;
(SymbolCall res);
5 10 0 1 -48000 -10000 R3-;
5 10 6 0 -48000 0 R3+;
5 15 -49000 -1000 0 -1 "<v>/<value>O";
5 11 R 3;
5 2 1;
1 Bound -49250 -10000 -47000 0;
9 res;
C 0 T -48000 0;
(SymbolCall res);
5 10 0 1 -40000 -10000 R4-;
5 10 20 0 -40000 0 R4+;
5 15 -41000 -1000 0 -1 "<v>/<value>O";
5 2 R=v(6)+1e-6;
5 11 R 4;
1 Bound -41250 -10000 -39000 0;
9 res;
C 0 T -40000 0;
(SymbolCall res);
5 10 10 1 10000 -10000 R5-;
5 10 0 0 0 -10000 R5+;
5 15 1000 -11000 1 0 "<v>/<value>O";
5 2 v(1)+1e-6;
5 11 R 5;
1 Bound 0 -11250 10000 -9000;
( Rotate 90 );
9 res;
C 0 R 0 1 T 0 -10000;
(SymbolCall res);
5 10 13 1 20000 -58000 R6-;
5 10 12 0 20000 -48000 R6+;
5 15 19000 -49000 0 -1 "<v>/<value>O";
5 2 0.02*1;
5 11 R 6;
1 Bound 18750 -58000 21000 -48000;
9 res;
C 0 T 20000 -48000;
(SymbolCall res);
5 10 14 1 10000 -68000 R7-;
5 10 0 0 0 -68000 R7+;
5 15 1000 -69000 1 0 "<v>/<value>O";
5 2 v(1)+1e-6;
5 11 R 7;
1 Bound 0 -69250 10000 -67000;
( Rotate 90 );
9 res;
C 0 R 0 1 T 0 -68000;
(SymbolCall vsrc);
5 10 0 1 -11000 38000 V0_1;
5 10 1 0 -21000 38000 V0_0;
5 15 -17000 38000 1 0;
5 11 V 0;
5 5 nophys;
5 2 pwl(0 1e5 0.02ns 1e5 0.03ns 0);
1 Bound -21000 36000 -11000 40000;
( Rotate 270 );
9 vsrc;
C 0 MY R 0 -1 T -11000 40000;
(SymbolCall vsrc);
5 10 0 1 -48000 13000 V1_1;
5 10 6 0 -48000 3000 V1_0;
5 15 -48000 7000 0 1;
5 2 pulse(0 5e3 7.7n 100ps 100ps 200ps 25ns);
5 5 nophys;
5 11 V 1;
1 Bound -50000 3000 -46000 13000;
( Rotate 180 );
9 vsrc;
C 0 R -1 0 T -46000 13000;
L SCED;
5 10 1;
W2 0 -24000 38000 -21000 38000;
5 10 2;
W2 0 66000 10000 70000 10000 76000 10000 76000 -79000 -19000 -79000
  -18000 -48000 -10000 -48000;
5 10 3;
W2 0 10000 10000 20000 10000;
5 10 4;
W2 0 35000 10000 27000 10000 27000 0;
5 10 5;
W2 0 45000 10000 50000 10000 50000 6000;
5 10 5;
W2 0 50000 10000 56000 10000;
5 10 2;
W2 0 70000 8000 70000 10000;
5 10 6;
W2 0 -48000 3000 -48000 0;
5 10 7;
W2 0 20000 0 22000 0;
5 10 8;
W2 0 70000 -2000 70000 -3000;
5 10 9;
W2 0 50000 -4000 50000 -17000;
5 10 0;
W2 0 0 -10000 -10000 -10000;
5 10 10;
W2 0 10000 -10000 22000 -10000;
5 10 11;
W2 0 27000 -10000 27000 -58000;
5 10 0;
W2 0 70000 -13000 70000 -15000;
5 10 0;
W2 0 50000 -27000 50000 -38000 50000 -71000 27000 -71000 27000 -68000;
5 10 0;
W2 0 50000 -38000 58000 -38000;
5 10 12;
W2 0 10000 -48000 20000 -48000;
5 10 13;
W2 0 20000 -58000 22000 -58000;
5 10 0;
W2 0 0 -68000 -2000 -68000 -1000 -73000;
5 10 14;
W2 0 10000 -68000 22000 -68000;
L NAME;
5 16 V 0 11;
94 <<V0>> -20750 40250 0 1275 1000;
5 16 R 0 11;
94 <<R0>> -33750 39250 0 1275 1000;
5 16 I 0 11;
94 <<I0>> -42250 18750 320 975 1000;
5 16 I 1 11;
94 <<I1>> -22250 18750 320 750 1000;
5 16 I 2 11;
94 <<I2>> -12250 18750 320 975 1000;
5 16 I 3 11;
94 <<I3>> -2250 18750 320 975 1000;
5 16 I 4 11;
94 <<I4>> 47750 18750 320 975 1000;
5 16 I 5 11;
94 <<I5>> 67750 18750 320 975 1000;
5 16 L 1 11;
94 <<L1>> -19750 11750 0 1050 1000;
5 16 L 2 11;
94 <<L2>> -9750 11750 0 1275 1000;
5 16 L 3 11;
94 <<L3>> 250 11750 0 1275 1000;
5 16 B 0 11;
94 <<B0>> 35250 11750 0 1275 1000;
5 16 L 4 11;
94 <<L4>> 56250 11750 0 1275 1000;
5 16 R 1 11;
94 <<R1>> -39750 11250 0 1050 1000;
5 16 V 1 11;
94 <<V1>> -50250 11750 320 1050 1000;
5 16 L 0 11;
94 <<L0>> -27750 8750 0 1275 1000;
5 16 L 5 11;
94 <<L5>> -41750 8750 320 1275 1000;
5 16 L 6 11;
94 <<L6>> -20250 8750 320 1275 1000;
5 16 L 7 11;
94 <<L7>> -10250 8750 320 1275 1000;
5 16 L 8 11;
94 <<L8>> -250 8750 320 1275 1000;
5 16 R 2 11;
94 <<R2>> 18500 8750 320 1275 1000;
5 16 L 9 11;
94 <<L9>> 69750 6750 320 1275 1000;
5 16 B 1 11;
94 <<B1>> 48250 4750 320 1050 1000;
5 16 R 3 11;
94 <<R3>> -49500 -1250 320 1275 1000;
5 16 R 4 11;
94 <<R4>> -41500 -1250 320 1275 1000;
5 16 B 2 11;
94 <<B2>> -21750 -1250 320 1275 1000;
5 16 B 3 11;
94 <<B3>> -11750 -1250 320 1275 1000;
5 16 B 4 11;
94 <<B4>> -1750 -1250 320 1275 1000;
5 16 L 10 11;
94 <<L10>> 21750 -1250 320 1650 1000;
5 16 L 11 11;
94 <<L11>> 26750 -1250 320 1425 1000;
5 16 B 5 11;
94 <<B5>> 68250 -4250 320 1275 1000;
5 16 R 5 11;
94 <<R5>> 250 -8750 0 1275 1000;
5 16 L 12 11;
94 <<L12>> 49750 -18250 320 1650 1000;
5 16 I 6 11;
94 <<I6>> -2250 -39250 320 975 1000;
5 16 L 13 11;
94 <<L13>> -9750 -46250 0 1650 1000;
5 16 L 14 11;
94 <<L14>> 250 -46250 0 1650 1000;
5 16 L 15 11;
94 <<L15>> -250 -49250 320 1650 1000;
5 16 R 6 11;
94 <<R6>> 18500 -49250 320 1275 1000;
5 16 B 6 11;
94 <<B6>> -1750 -59250 320 1275 1000;
5 16 L 16 11;
94 <<L16>> 21750 -59250 320 1650 1000;
5 16 L 17 11;
94 <<L17>> 26750 -59250 320 1650 1000;
5 16 R 7 11;
94 <<R7>> 250 -66750 0 1275 1000;
L MODL;
5 16 B 0 1;
94 <<jjSFQ1>> 44750 8250 320 3300 1000;
5 16 B 1 1;
94 <<jjSFQ1>> 51750 2750 256 3300 1000;
5 16 B 2 1;
94 <<jjSFQ1>> -18250 -3250 256 3300 1000;
5 16 B 3 1;
94 <<jjSFQ1>> -8250 -3250 256 3300 1000;
5 16 B 4 1;
94 <<jjSFQ1>> 1750 -3250 256 3300 1000;
5 16 B 5 1;
94 <<jjSFQ1>> 71750 -6250 256 3300 1000;
5 16 B 6 1;
94 <<jjSFQ1>> 1750 -61250 256 3300 1000;
L VALU;
5 16 V 0 2;
94 <<pwl(0 1e5 0.02ns 1e5 0.03ns 0)>> -11250 42750 33088 15975 1000;
5 16 R 0 2;
94 <<1>> -24250 36500 33088 450 1000;
5 16 I 1 2;
94 <<pwl(0 0 0.09ns 0 0.1ns 30.025u)>> -17750 12250 33025 16425 1000;
5 16 I 2 2;
94 <<pwl(0 0 0.09ns 0 0.1ns 36u)>> -7750 12250 33025 14400 1000;
5 16 I 3 2;
94 <<pwl(0 0 0.09ns 0 0.1ns 39u)>> 2250 12250 33025 14400 1000;
5 16 I 4 2;
94 <<pwl(0 0 0.09ns 0 0.1ns 65u)>> 52250 12250 33025 14400 1000;
5 16 I 5 2;
94 <<pwl(0 0 0.09ns 0 0.1ns 30u)>> 72250 12250 33025 14400 1000;
5 16 I 0 2;
94 <<pwl(0 0 0.09n 0 0.1n 20u)>> -37750 19750 33024 13200 1000;
5 16 V 1 2;
94 <<pulse(0 5e3 7.7n 100ps 100ps 200ps 25ns)>> -53750 -9250 33025 22350 1000;
5 16 L 1 2;
94 <<77.5p>> -11250 12750 33088 2700 1000;
5 16 L 2 2;
94 <<77.5p>> -1250 12750 33088 2700 1000;
5 16 L 3 2;
94 <<200n>> 8750 12750 33088 2475 1000;
5 16 R 1 2;
94 <<R=v(1)+8.25*10>> -32250 12500 33088 6975 1000;
5 16 L 0 2;
94 <<1f>> -24250 9750 33088 975 1000;
5 16 R 2 2;
94 <<0.02*1>> 21250 9750 33024 3075 1000;
5 16 L 4 2;
94 <<77.5p>> 65750 9750 33088 2700 1000;
5 16 L 5 2;
94 <<247.5n>> -37250 3750 33030 3300 1000;
5 16 L 6 2;
94 <<1f>> -22250 3750 33024 975 1000;
5 16 L 7 2;
94 <<1f>> -12250 3750 33024 975 1000;
5 16 L 8 2;
94 <<1f>> -2250 3750 33024 975 1000;
5 16 L 9 2;
94 <<1f>> 67750 1750 33024 975 1000;
5 16 R 3 2;
94 <<1>> -46750 -250 33024 450 1000;
5 16 R 4 2;
94 <<R=v(6)+1e-6>> -38750 -7750 33025 5775 1000;
5 16 K 2 14;
94 <<K2=1>> 23638 -5500 0 2175 1000;
5 16 L 10 2;
94 <<200p>> 19750 -6250 33024 2475 1000;
5 16 L 11 2;
94 <<10p>> 24750 -6250 33024 1650 1000;
5 16 R 5 2;
94 <<v(1)+1e-6>> 9750 -11500 33088 4425 1000;
5 16 L 12 2;
94 <<1n>> 47750 -23250 33024 1050 1000;
5 16 I 6 2;
94 <<pwl(0 0 0.09ns 0 0.1ns 39u)>> 2250 -45750 33025 14400 1000;
5 16 L 13 2;
94 <<77.5p>> -1250 -45250 33088 2700 1000;
5 16 L 14 2;
94 <<1n>> 8750 -45250 33088 1050 1000;
5 16 R 6 2;
94 <<0.02*1>> 21250 -48250 33024 3075 1000;
5 16 L 15 2;
94 <<1f>> -2250 -54250 33024 975 1000;
5 16 L 17 2;
94 <<10p>> 28750 -58250 33024 1650 1000;
5 16 K 1 14;
94 <<K1=-1>> 23975 -63500 0 2550 1000;
5 16 L 16 2;
94 <<200p>> 19750 -64250 33024 2475 1000;
5 16 R 7 2;
94 <<v(1)+1e-6>> 9750 -69500 33088 4425 1000;
L PARM;
5 16 B 0 3;
94 <<area=40>> 35250 7250 33024 4200 1000;
5 16 B 1 3;
94 <<area=40>> 51750 250 32768 4200 1000;
5 16 B 2 3;
94 <<area=40>> -18250 -5750 32768 4200 1000;
5 16 B 3 3;
94 <<area=40>> -8250 -5750 32768 4200 1000;
5 16 B 4 3;
94 <<area=40>> 1750 -5750 32768 4200 1000;
5 16 B 5 3;
94 <<area=40>> 71750 -8750 32768 4200 1000;
5 16 B 6 3;
94 <<area=40>> 1750 -63750 32768 4200 1000;
DF;
E
* Generated by Xic from cell SI_dissipation
.tran 1p 500n
.plot tran i(l12)
B0 5 4 26 jjSFQ1 area=40
B1 5 9 27 jjSFQ1 area=40
B2 21 0 28 jjSFQ1 area=40
B3 22 0 29 jjSFQ1 area=40
B4 23 0 30 jjSFQ1 area=40
B5 8 0 31 jjSFQ1 area=40
B6 25 0 32 jjSFQ1 area=40
I0 0 15 pwl(0 0 0.09n 0 0.1n 20u)
I1 0 16 pwl(0 0 0.09ns 0 0.1ns 30.025u)
I2 0 17 pwl(0 0 0.09ns 0 0.1ns 36u)
I3 0 18 pwl(0 0 0.09ns 0 0.1ns 39u)
I4 0 5 pwl(0 0 0.09ns 0 0.1ns 65u)
I5 0 2 pwl(0 0 0.09ns 0 0.1ns 30u)
I6 0 24 pwl(0 0 0.09ns 0 0.1ns 39u)
K1 L16 L17 -1
K2 L11 L10 1
L0 19 16 1f
L1 16 17 77.5p
L2 17 18 77.5p
L3 18 3 200n
L4 5 2 77.5p
L5 15 20 247.5n
L6 16 21 1f
L7 17 22 1f
L8 18 23 1f
L9 2 8 1f
L10 7 10 200p
L11 4 11 10p
L12 9 0 1n
L13 2 24 77.5p
L14 24 12 1n
L15 24 25 1f
L16 13 14 200p
L17 11 0 10p
R0 1 0 1
R1 15 19 R=v(1)+8.25*10
R2 3 7 0.02*1
R3 6 0 1
R4 20 0 R=v(6)+1e-6
R5 0 10 v(1)+1e-6
R6 12 13 0.02*1
R7 0 14 v(1)+1e-6
V0 1 0 pwl(0 1e5 0.02ns 1e5 0.03ns 0)
V1 6 0 pulse(0 5e3 7.7n 100ps 100ps 200ps 25ns)
.model jjSFQ1 jj(rtype=0, cct=1, vg=2.8m, icrit=1u, cap= 5f, vshunt=0.25mV)
.save @I2[c]
.save @I3[c]
.save @I5[c]
.save @I0[c]
.save @I1[c]
.save @I4[c]
.save @I6[c]
