(Symbol 09__neuron__1sy_1rs__mi_feedback__low_pass__01);
($Id:$);
(PHYSICAL);
(RESOLUTION 1000);
9 09__neuron__1sy_1rs__mi_feedback__low_pass__01;
DS 0 1 1;
DF;
E
(ELECTRICAL);
(RESOLUTION 1000);
5 7102 (||2:-54000 11000||) (||2:-14000 9000||) (||2:9000 11000||) (||2:11000 9000||) (||2:31000 11000||) (||2:9000 -69000||) (||2:1000 -14000||) (||2:1000 -24000||) (||1:9000 -2000||) (||1:-2000 9000||) (||1:12000 -26000||) (||1:10000 10000||) (||1:0 -25000||);
5 7101 tran 10p 350n;
5 14 1 L 19 L 20 1;
5 14 2 L 12 L 13 1;
5 11 X 0 subckt;
9 09__neuron__1sy_1rs__mi_feedback__low_pass__01;
DS 0 1 1;
(SymbolCall gnd);
5 10 0 0 -17000 24000;
1 Bound -19600 23000 -17000 25000;
( Rotate 270 );
9 gnd;
C 0 R 0 -1 T -18000 25000;
(SymbolCall gnd);
5 10 0 0 5000 24000;
1 Bound 5000 23000 7600 25000;
( Rotate 90 );
9 gnd;
C 0 R 0 1 T 6000 23000;
(SymbolCall gnd);
5 10 0 0 -65000 20000;
1 Bound -66000 20000 -64000 22600;
( Rotate 180 );
9 gnd;
C 0 R -1 0 T -64000 21000;
(SymbolCall gnd);
5 10 0 0 -45000 20000;
1 Bound -46000 20000 -44000 22600;
( Rotate 180 );
9 gnd;
C 0 R -1 0 T -44000 21000;
(SymbolCall gnd);
5 10 0 0 -35000 20000;
1 Bound -36000 20000 -34000 22600;
( Rotate 180 );
9 gnd;
C 0 R -1 0 T -34000 21000;
(SymbolCall gnd);
5 10 0 0 -25000 20000;
1 Bound -26000 20000 -24000 22600;
( Rotate 180 );
9 gnd;
C 0 R -1 0 T -24000 21000;
(SymbolCall gnd);
5 10 0 0 10000 20000;
1 Bound 9000 20000 11000 22600;
( Rotate 180 );
9 gnd;
C 0 R -1 0 T 11000 21000;
(SymbolCall gnd);
5 10 0 0 20000 20000;
1 Bound 19000 20000 21000 22600;
( Rotate 180 );
9 gnd;
C 0 R -1 0 T 21000 21000;
(SymbolCall gnd);
5 10 0 0 30000 20000;
1 Bound 29000 20000 31000 22600;
( Rotate 180 );
9 gnd;
C 0 R -1 0 T 31000 21000;
(SymbolCall gnd);
5 10 0 0 -75000 12000;
1 Bound -76000 12000 -74000 14600;
9 gnd;
C 0 MY T -76000 13000;
(SymbolCall gnd);
5 10 0 0 -75000 -10000;
1 Bound -76000 -12600 -74000 -10000;
( Rotate 180 );
9 gnd;
C 0 MY R -1 0 T -74000 -11000;
(SymbolCall gnd);
5 10 0 0 -65000 -10000;
1 Bound -66000 -12600 -64000 -10000;
9 gnd;
C 0 T -66000 -11000;
(SymbolCall gnd);
5 10 0 0 -45000 -10000;
1 Bound -46000 -12600 -44000 -10000;
9 gnd;
C 0 T -46000 -11000;
(SymbolCall gnd);
5 10 0 0 -35000 -10000;
1 Bound -36000 -12600 -34000 -10000;
9 gnd;
C 0 T -36000 -11000;
(SymbolCall gnd);
5 10 0 0 -25000 -10000;
1 Bound -26000 -12600 -24000 -10000;
9 gnd;
C 0 T -26000 -11000;
(SymbolCall gnd);
5 10 0 0 -10000 -10000;
1 Bound -11000 -12600 -9000 -10000;
9 gnd;
C 0 T -11000 -11000;
(SymbolCall gnd);
5 10 0 0 20000 -10000;
1 Bound 19000 -12600 21000 -10000;
9 gnd;
C 0 T 19000 -11000;
(SymbolCall gnd);
5 10 0 0 30000 -10000;
1 Bound 29000 -12600 31000 -10000;
9 gnd;
C 0 T 29000 -11000;
(SymbolCall gnd);
5 10 0 0 -10000 -25000;
1 Bound -12600 -26000 -10000 -24000;
( Rotate 270 );
9 gnd;
C 0 R 0 -1 T -11000 -24000;
(SymbolCall gnd);
5 10 0 0 20000 -25000;
1 Bound 20000 -26000 22600 -24000;
( Rotate 90 );
9 gnd;
C 0 R 0 1 T 21000 -26000;
(SymbolCall gnd);
5 10 0 0 -10000 -35000;
1 Bound -12600 -36000 -10000 -34000;
( Rotate 270 );
9 gnd;
C 0 R 0 -1 T -11000 -34000;
(SymbolCall gnd);
5 10 0 0 20000 -35000;
1 Bound 20000 -36000 22600 -34000;
( Rotate 90 );
9 gnd;
C 0 R 0 1 T 21000 -36000;
(SymbolCall gnd);
5 10 0 0 -10000 -45000;
1 Bound -12600 -46000 -10000 -44000;
( Rotate 270 );
9 gnd;
C 0 R 0 -1 T -11000 -44000;
(SymbolCall gnd);
5 10 0 0 20000 -65000;
1 Bound 20000 -66000 22600 -64000;
( Rotate 90 );
9 gnd;
C 0 R 0 1 T 21000 -66000;
(SymbolCall gnd);
5 10 0 0 0 -70000;
1 Bound -2600 -71000 0 -69000;
( Rotate 270 );
9 gnd;
C 0 R 0 -1 T -1000 -69000;
(SymbolCall ind);
5 10 7 1 -45000 10000 L0-;
5 10 13 0 -55000 10000 L0+;
5 15 -54000 11000 1 0;
5 2 1f;
5 11 L 0;
1 Bound -55000 10000 -45000 11500;
( Rotate 90 );
9 ind;
C 0 R 0 1 T -45000 9000;
(SymbolCall ind);
5 10 8 1 -35000 10000 L1-;
5 10 7 0 -45000 10000 L1+;
5 15 -44000 11000 1 0;
5 11 L 1;
5 2 77.5p;
1 Bound -45000 10000 -35000 11500;
( Rotate 90 );
9 ind;
C 0 R 0 1 T -35000 9000;
(SymbolCall ind);
5 10 9 1 -25000 10000 L2-;
5 10 8 0 -35000 10000 L2+;
5 15 -34000 11000 1 0;
5 2 77.5p;
5 11 L 2;
1 Bound -35000 10000 -25000 11500;
( Rotate 90 );
9 ind;
C 0 R 0 1 T -25000 9000;
(SymbolCall ind);
5 10 14 1 -15000 10000 L3-;
5 10 9 0 -25000 10000 L3+;
5 15 -24000 11000 1 0;
5 11 L 3;
5 2 77.5n;
1 Bound -25000 10000 -15000 11500;
( Rotate 90 );
9 ind;
C 0 R 0 1 T -15000 9000;
(SymbolCall ind);
5 10 16 1 0 10000 L4-;
5 10 10 0 10000 10000 L4+;
5 15 9000 11000 -1 0;
5 2 1f;
5 11 L 4;
1 Bound 0 10000 10000 11500;
( Rotate 90 );
9 ind;
C 0 MY R 0 1 T 0 9000;
(SymbolCall ind);
5 10 11 1 20000 10000 L5-;
5 10 10 0 10000 10000 L5+;
5 15 11000 11000 1 0;
5 2 200p;
5 11 L 5;
1 Bound 10000 10000 20000 11500;
( Rotate 90 );
9 ind;
C 0 R 0 1 T 20000 9000;
(SymbolCall ind);
5 10 12 1 30000 10000 L6-;
5 10 11 0 20000 10000 L6+;
5 15 21000 11000 1 0;
5 2 77.5p;
5 11 L 6;
1 Bound 20000 10000 30000 11500;
( Rotate 90 );
9 ind;
C 0 R 0 1 T 30000 9000;
(SymbolCall ind);
5 10 17 1 40000 10000 L7-;
5 10 12 0 30000 10000 L7+;
5 15 31000 11000 1 0;
5 2 1f;
5 11 L 7;
1 Bound 30000 10000 40000 11500;
( Rotate 90 );
9 ind;
C 0 R 0 1 T 40000 9000;
(SymbolCall ind);
5 10 18 1 -65000 0 L8-;
5 10 6 0 -65000 10000 L8+;
5 15 -66000 9000 0 -1;
5 11 L 8;
5 2 247.5n;
1 Bound -66500 0 -65000 10000;
( Rotate 180 );
9 ind;
C 0 MY R -1 0 T -64000 0;
(SymbolCall ind);
5 10 19 1 -45000 0 L9-;
5 10 7 0 -45000 10000 L9+;
5 15 -44000 9000 0 -1;
5 2 1f;
5 11 L 9;
1 Bound -45000 0 -43500 10000;
9 ind;
C 0 T -46000 0;
(SymbolCall ind);
5 10 20 1 -35000 0 L10-;
5 10 8 0 -35000 10000 L10+;
5 15 -34000 9000 0 -1;
5 2 1f;
5 11 L 10;
1 Bound -35000 0 -33500 10000;
9 ind;
C 0 T -36000 0;
(SymbolCall ind);
5 10 21 1 -25000 0 L11-;
5 10 9 0 -25000 10000 L11+;
5 15 -24000 9000 0 -1;
5 2 1f;
5 11 L 11;
1 Bound -25000 0 -23500 10000;
9 ind;
C 0 T -26000 0;
(SymbolCall ind);
5 10 3 1 -15000 0 L12-;
5 10 14 0 -15000 10000 L12+;
5 15 -14000 9000 0 -1;
5 2 200p;
5 17 mutual;
5 11 L 12;
1 Bound -15000 0 -13500 10000;
9 ind;
C 0 T -16000 0;
(SymbolCall ind);
5 10 22 1 -10000 0 L13-;
5 10 15 0 -10000 10000 L13+;
5 15 -11000 9000 0 -1;
5 2 20p;
5 17 mutual;
5 11 L 13;
1 Bound -11500 0 -10000 10000;
( Rotate 180 );
9 ind;
C 0 MY R -1 0 T -9000 0;
(SymbolCall ind);
5 10 23 1 10000 0 L14-;
5 10 10 0 10000 10000 L14+;
5 15 11000 9000 0 -1;
5 2 2f;
5 11 L 14;
1 Bound 10000 0 11500 10000;
9 ind;
C 0 T 9000 0;
(SymbolCall ind);
5 10 24 1 20000 0 L15-;
5 10 11 0 20000 10000 L15+;
5 15 21000 9000 0 -1;
5 2 1f;
5 11 L 15;
1 Bound 20000 0 21500 10000;
9 ind;
C 0 T 19000 0;
(SymbolCall ind);
5 10 25 1 30000 0 L16-;
5 10 12 0 30000 10000 L16+;
5 15 31000 9000 0 -1;
5 2 1f;
5 11 L 16;
1 Bound 30000 0 31500 10000;
9 ind;
C 0 T 29000 0;
(SymbolCall ind);
5 2 1f;
5 15 41000 9000 0 -1;
5 11 L 17;
5 10 4 1 40000 0 L17-;
5 10 17 0 40000 10000 L17+;
1 Bound 40000 0 41500 10000;
9 ind;
C 0 T 39000 0;
(SymbolCall ind);
5 10 0 1 -10000 -10000 L18-;
5 10 22 0 -10000 0 L18+;
5 15 -11000 -1000 0 -1;
5 2 1f;
5 11 L 18;
1 Bound -11500 -10000 -10000 0;
( Rotate 180 );
9 ind;
C 0 MY R -1 0 T -9000 -10000;
(SymbolCall ind);
5 10 0 1 0 -10000 L19-;
5 10 26 0 10000 -10000 L19+;
5 15 9000 -11000 -1 0;
5 17 mutual;
5 2 20p;
5 11 L 19;
1 Bound 0 -11500 10000 -10000;
( Rotate 270 );
9 ind;
C 0 R 0 -1 T 0 -9000;
(SymbolCall ind);
5 11 L 20;
5 2 200p;
5 17 mutual;
5 10 27 0 0 -15000 L20+;
5 10 5 1 10000 -15000 L20-;
5 15 1000 -14000 1 0;
1 Bound 0 -15000 10000 -13500;
( Rotate 90 );
9 ind;
C 0 R 0 1 T 10000 -16000;
(SymbolCall ind);
5 11 L 21;
5 2 200p;
5 10 28 0 0 -25000 L21+;
5 10 27 1 0 -15000 L21-;
5 15 -1000 -24000 0 1;
1 Bound -1500 -25000 0 -15000;
( Rotate 180 );
9 ind;
C 0 R -1 0 T 1000 -15000;
(SymbolCall ind);
5 11 L 22;
5 2 1f;
5 10 28 0 0 -25000 L22+;
5 10 29 1 10000 -25000 L22-;
5 15 1000 -24000 1 0;
1 Bound 0 -25000 10000 -23500;
( Rotate 90 );
9 ind;
C 0 R 0 1 T 10000 -26000;
(SymbolCall ind);
5 2 77.5p;
5 11 L 23;
5 10 30 0 0 -35000 L23+;
5 10 28 1 0 -25000 L23-;
5 15 -1000 -34000 0 1;
1 Bound -1500 -35000 0 -25000;
( Rotate 180 );
9 ind;
C 0 R -1 0 T 1000 -25000;
(SymbolCall ind);
5 10 30 0 0 -35000 L24+;
5 10 31 1 10000 -35000 L24-;
5 11 L 24;
5 2 1f;
5 15 1000 -34000 1 0;
1 Bound 0 -35000 10000 -33500;
( Rotate 90 );
9 ind;
C 0 R 0 1 T 10000 -36000;
(SymbolCall ind);
5 10 32 0 0 -45000 L25+;
5 10 30 1 0 -35000 L25-;
5 11 L 25;
5 2 200p;
5 15 -1000 -44000 0 1;
1 Bound -1500 -45000 0 -35000;
( Rotate 180 );
9 ind;
C 0 R -1 0 T 1000 -35000;
(SymbolCall ind);
5 11 L 26;
5 2 1f;
5 10 32 0 0 -45000 L26+;
5 10 33 1 10000 -45000 L26-;
5 15 1000 -44000 1 0;
1 Bound 0 -45000 10000 -43500;
( Rotate 90 );
9 ind;
C 0 R 0 1 T 10000 -46000;
(SymbolCall ind);
5 11 L 27;
5 2 1f;
5 10 35 0 0 -55000 L27+;
5 10 32 1 0 -45000 L27-;
5 15 -1000 -54000 0 1;
1 Bound -1500 -55000 0 -45000;
( Rotate 180 );
9 ind;
C 0 R -1 0 T 1000 -45000;
(SymbolCall ind);
5 2 20p;
5 11 L 28;
5 10 34 0 20000 -45000 L28+;
5 10 0 1 20000 -55000 L28-;
5 15 21000 -46000 0 -1;
1 Bound 20000 -55000 21500 -45000;
9 ind;
C 0 T 19000 -55000;
(SymbolCall ind);
5 2 20p;
5 10 0 0 10000 -65000 L29+;
5 10 36 1 0 -65000 L29-;
5 11 L 29;
5 15 9000 -66000 -1 0;
1 Bound 0 -66500 10000 -65000;
( Rotate 270 );
9 ind;
C 0 R 0 -1 T 0 -64000;
(SymbolCall ind);
5 11 L 30;
5 2 77.5p;
5 10 37 0 10000 -70000 L30+;
5 10 0 1 0 -70000 L30-;
5 15 9000 -69000 -1 0;
1 Bound 0 -70000 10000 -68500;
( Rotate 90 );
9 ind;
C 0 MY R 0 1 T 0 -71000;
(SymbolCall isrc);
5 10 6 1 -65000 10000 I0_1;
5 10 0 0 -65000 20000 I0_0;
5 15 -65000 14000 0 -1 @<name>[c];
5 2 pwl(0 0 0.09n 0 0.1n 20u);
5 11 I 0;
5 5 nophys;
1 Bound -67000 10000 -63000 20000;
9 isrc;
C 0 T -67000 10000;
(SymbolCall isrc);
5 10 7 1 -45000 10000 I1_1;
5 10 0 0 -45000 20000 I1_0;
5 15 -45000 14000 0 -1 @<name>[c];
5 2 pwl(0 0 0.09n 0 0.1n 30u);
5 11 I 1;
5 5 nophys;
1 Bound -47000 10000 -43000 20000;
9 isrc;
C 0 T -47000 10000;
(SymbolCall isrc);
5 10 8 1 -35000 10000 I2_1;
5 10 0 0 -35000 20000 I2_0;
5 15 -35000 14000 0 -1 @<name>[c];
5 2 pwl(0 0 0.09n 0 0.1n 36u);
5 11 I 2;
5 5 nophys;
1 Bound -37000 10000 -33000 20000;
9 isrc;
C 0 T -37000 10000;
(SymbolCall isrc);
5 10 9 1 -25000 10000 I3_1;
5 10 0 0 -25000 20000 I3_0;
5 15 -25000 14000 0 -1 @<name>[c];
5 2 pwl(0 0 0.09n 0 0.1n 35u);
5 11 I 3;
5 5 nophys;
1 Bound -27000 10000 -23000 20000;
9 isrc;
C 0 T -27000 10000;
(SymbolCall isrc);
5 10 10 1 10000 10000 I4_1;
5 10 0 0 10000 20000 I4_0;
5 15 10000 14000 0 -1 @<name>[c];
5 2 pwl(0 0 0.09n 0 0.1n 74u);
5 11 I 4;
5 5 nophys;
1 Bound 8000 10000 12000 20000;
9 isrc;
C 0 T 8000 10000;
(SymbolCall isrc);
5 10 11 1 20000 10000 I5_1;
5 10 0 0 20000 20000 I5_0;
5 15 20000 14000 0 -1 @<name>[c];
5 2 pwl(0 0 0.09n 0 0.1ns 36u);
5 5 nophys;
5 11 I 5;
1 Bound 18000 10000 22000 20000;
9 isrc;
C 0 T 18000 10000;
(SymbolCall isrc);
5 10 12 1 30000 10000 I6_1;
5 10 0 0 30000 20000 I6_0;
5 15 30000 14000 0 -1 @<name>[c];
5 2 pwl(0 0 0.09n 0 0.1ns 35u);
5 5 nophys;
5 11 I 6;
1 Bound 28000 10000 32000 20000;
9 isrc;
C 0 T 28000 10000;
(SymbolCall isrc);
5 5 nophys;
5 11 I 7;
5 2 pwl(0 0 0.09n 0 0.1n 35u);
5 10 0 0 -10000 -25000 I7_0;
5 10 28 1 0 -25000 I7_1;
5 15 -4000 -25000 1 0 @<name>[c];
1 Bound -10000 -27000 0 -23000;
( Rotate 90 );
9 isrc;
C 0 R 0 1 T 0 -27000;
(SymbolCall isrc);
5 10 0 0 -10000 -35000 I8_0;
5 10 30 1 0 -35000 I8_1;
5 11 I 8;
5 5 nophys;
5 2 pwl(0 0 0.09n 0 0.1n 36u);
5 15 -4000 -35000 1 0 @<name>[c];
1 Bound -10000 -37000 0 -33000;
( Rotate 90 );
9 isrc;
C 0 R 0 1 T 0 -37000;
(SymbolCall isrc);
5 2 pwl(0 0 0.09n 0 0.1n 74u);
5 5 nophys;
5 11 I 9;
5 10 0 0 -10000 -45000 I9_0;
5 10 32 1 0 -45000 I9_1;
5 15 -4000 -45000 1 0 @<name>[c];
1 Bound -10000 -47000 0 -43000;
( Rotate 90 );
9 isrc;
C 0 R 0 1 T 0 -47000;
(SymbolCall jj);
5 10 38 2 -2000 9000 B0_2;
5 10 15 1 -10000 10000 B0-;
5 10 16 0 0 10000 B0+;
5 3 area=40;
5 1 jjSFQ1;
5 11 B 0;
1 Bound -10000 8500 0 11500;
( Rotate 90 );
9 jj;
C 0 MY R 0 1 T -10000 9000;
(SymbolCall jj);
5 10 39 2 -46000 -2000 B1_2;
5 10 0 1 -45000 -10000 B1-;
5 10 19 0 -45000 0 B1+;
5 3 area=40;
5 1 jjSFQ1;
5 11 B 1;
1 Bound -46500 -10000 -43500 0;
9 jj;
C 0 T -46000 -10000;
(SymbolCall jj);
5 10 40 2 -36000 -2000 B2_2;
5 10 0 1 -35000 -10000 B2-;
5 10 20 0 -35000 0 B2+;
5 3 area=40;
5 1 jjSFQ1;
5 11 B 2;
1 Bound -36500 -10000 -33500 0;
9 jj;
C 0 T -36000 -10000;
(SymbolCall jj);
5 10 41 2 -26000 -2000 B3_2;
5 10 0 1 -25000 -10000 B3-;
5 10 21 0 -25000 0 B3+;
5 3 area=40;
5 1 jjSFQ1;
5 11 B 3;
1 Bound -26500 -10000 -23500 0;
9 jj;
C 0 T -26000 -10000;
(SymbolCall jj);
5 10 42 2 9000 -2000 B4_2;
5 10 26 1 10000 -10000 B4-;
5 10 23 0 10000 0 B4+;
5 11 B 4;
5 3 area=40;
5 1 jjSFQ1;
1 Bound 8500 -10000 11500 0;
9 jj;
C 0 T 9000 -10000;
(SymbolCall jj);
5 10 43 2 19000 -2000 B5_2;
5 10 0 1 20000 -10000 B5-;
5 10 24 0 20000 0 B5+;
5 1 jjSFQ1;
5 3 area=40;
5 11 B 5;
1 Bound 18500 -10000 21500 0;
9 jj;
C 0 T 19000 -10000;
(SymbolCall jj);
5 10 44 2 29000 -2000 B6_2;
5 10 0 1 30000 -10000 B6-;
5 10 25 0 30000 0 B6+;
5 1 jjSFQ1;
5 3 area=40;
5 11 B 6;
1 Bound 28500 -10000 31500 0;
9 jj;
C 0 T 29000 -10000;
(SymbolCall jj);
5 1 jjSFQ1;
5 11 B 7;
5 3 area=40;
5 10 29 0 10000 -25000 B7+;
5 10 0 1 20000 -25000 B7-;
5 10 45 2 12000 -26000 B7_2;
1 Bound 10000 -26500 20000 -23500;
( Rotate 90 );
9 jj;
C 0 R 0 1 T 20000 -26000;
(SymbolCall jj);
5 10 31 0 10000 -35000 B8+;
5 10 0 1 20000 -35000 B8-;
5 10 46 2 12000 -36000 B8_2;
5 11 B 8;
5 3 area=40;
5 1 jjSFQ1;
1 Bound 10000 -36500 20000 -33500;
( Rotate 90 );
9 jj;
C 0 R 0 1 T 20000 -36000;
(SymbolCall jj);
5 3 area=40;
5 1 jjSFQ1;
5 11 B 9;
5 10 33 0 10000 -45000 B9+;
5 10 34 1 20000 -45000 B9-;
5 10 47 2 12000 -46000 B9_2;
1 Bound 10000 -46500 20000 -43500;
( Rotate 90 );
9 jj;
C 0 R 0 1 T 20000 -46000;
(SymbolCall jj);
5 11 B 10;
5 1 jjSFQ1;
5 3 area=40;
5 10 35 0 0 -55000 B10+;
5 10 36 1 0 -65000 B10-;
5 10 48 2 -1000 -57000 B10_2;
1 Bound -1500 -65000 1500 -55000;
9 jj;
C 0 T -1000 -65000;
(SymbolCall res);
5 10 0 1 -17000 24000 R0-;
5 10 1 0 -7000 24000 R0+;
5 15 -8000 25000 -1 0 "<v>/<value>O";
5 11 R 0;
5 2 1;
1 Bound -17000 23000 -7000 25250;
( Rotate 270 );
9 res;
C 0 R 0 -1 T -7000 24000;
(SymbolCall res);
5 10 2 1 -75000 2000 R1-;
5 10 0 0 -75000 12000 R1+;
5 15 -74000 11000 0 -1 "<v>/<value>O";
5 2 1;
5 11 R 1;
1 Bound -76000 2000 -73750 12000;
( Rotate 180 );
9 res;
C 0 MY R -1 0 T -75000 12000;
(SymbolCall res);
5 10 13 1 -55000 10000 R2-;
5 10 6 0 -65000 10000 R2+;
5 15 -64000 9000 1 0 "<v>/<value>O";
5 2 v(1)+8.25;
5 11 R 2;
1 Bound -65000 8750 -55000 11000;
( Rotate 90 );
9 res;
C 0 R 0 1 T -65000 10000;
(SymbolCall res);
5 10 0 1 -65000 -10000 R3-;
5 10 18 0 -65000 0 R3+;
5 15 -66000 -1000 0 -1 "<v>/<value>O";
5 2 v(3)+1e-6;
5 11 R 3;
1 Bound -66250 -10000 -64000 0;
9 res;
C 0 T -65000 0;
(SymbolCall res);
5 10 0 1 -25000 -10000 R4-;
5 10 3 0 -15000 -10000 R4+;
5 15 -16000 -11000 -1 0 "<v>/<value>O";
5 2 v(1)+1.55;
5 11 R 4;
1 Bound -25000 -11250 -15000 -9000;
( Rotate 90 );
9 res;
C 0 MY R 0 1 T -15000 -10000;
(SymbolCall res);
5 11 R 5;
5 2 v(1)+0.04;
5 10 5 0 20000 -15000 R5+;
5 10 0 1 20000 -25000 R5-;
5 15 21000 -16000 0 -1 "<v>/<value>O";
1 Bound 19000 -25000 21250 -15000;
( Rotate 180 );
9 res;
C 0 MY R -1 0 T 20000 -15000;
(SymbolCall res);
5 11 R 6;
5 2 v(1)+0.0775;
5 10 4 0 20000 -70000 R6+;
5 10 37 1 10000 -70000 R6-;
5 15 19000 -69000 -1 0 "<v>/<value>O";
1 Bound 10000 -71000 20000 -68750;
( Rotate 270 );
9 res;
C 0 R 0 -1 T 20000 -70000;
(SymbolCall vsrc);
5 10 0 1 5000 24000 V0_1;
5 10 1 0 -5000 24000 V0_0;
5 15 -1000 24000 1 0;
5 11 V 0;
5 5 nophys;
5 2 pwl(0 1e5 0.2ns 1e5 0.3ns 0);
1 Bound -5000 22000 5000 26000;
( Rotate 90 );
9 vsrc;
C 0 R 0 1 T 5000 22000;
(SymbolCall vsrc);
5 10 0 1 -75000 -10000 V1_1;
5 10 2 0 -75000 0 V1_0;
5 15 -75000 -4000 0 -1;
5 2 pulse(0 5e3 5ns 1ns 1ns 1ns 50ns)*pwl(0s 1 210ns 1 215ns 0);
5 5 nophys;
5 11 V 1;
1 Bound -77000 -10000 -73000 0;
( Rotate 180 );
9 vsrc;
C 0 MY R -1 0 T -73000 -10000;
L SCED;
5 10 1;
W2 0 -7000 24000 -5000 24000;
5 10 2;
W2 0 -75000 2000 -75000 0;
5 10 3;
W2 0 -15000 0 -15000 -10000;
5 10 4;
W2 0 20000 -70000 40000 -70000 40000 0;
5 10 0;
W2 0 0 -10000 -10000 -10000;
5 10 5;
W2 0 10000 -15000 20000 -15000;
5 10 0;
W2 0 10000 -65000 20000 -65000 20000 -55000;
L NAME;
5 16 V 0 11;
94 <<V0>> -4750 26250 0 1275 1000;
5 16 R 0 11;
94 <<R0>> -16750 25500 0 1275 1000;
5 16 I 0 11;
94 <<I0>> -67250 18750 320 975 1000;
5 16 I 1 11;
94 <<I1>> -47250 18750 320 750 1000;
5 16 I 2 11;
94 <<I2>> -37250 18750 320 975 1000;
5 16 I 3 11;
94 <<I3>> -27250 18750 320 975 1000;
5 16 I 4 11;
94 <<I4>> 7750 18750 320 975 1000;
5 16 I 5 11;
94 <<I5>> 17750 18750 320 975 1000;
5 16 I 6 11;
94 <<I6>> 27750 18750 320 975 1000;
5 16 L 0 11;
94 <<L0>> -54750 11750 0 1275 1000;
5 16 L 4 11;
94 <<L4>> 4250 11750 0 1275 1000;
5 16 L 5 11;
94 <<L5>> 10250 11750 0 1275 1000;
5 16 L 6 11;
94 <<L6>> 20250 11750 0 1275 1000;
5 16 R 2 11;
94 <<R2>> -64750 11250 0 1275 1000;
5 16 B 0 11;
94 <<B0>> -7750 9750 0 1275 1000;
5 16 L 1 11;
94 <<L1>> -41750 8750 0 1050 1000;
5 16 L 2 11;
94 <<L2>> -31750 8750 0 1275 1000;
5 16 L 3 11;
94 <<L3>> -21750 8750 0 1275 1000;
5 16 L 7 11;
94 <<L7>> 33250 8750 0 1275 1000;
5 16 L 17 11;
94 <<L17>> 39750 8750 320 1650 1000;
5 16 R 1 11;
94 <<R1>> -73250 6750 320 1050 1000;
5 16 L 9 11;
94 <<L9>> -45250 6750 320 1275 1000;
5 16 L 10 11;
94 <<L10>> -35250 6750 320 1650 1000;
5 16 L 11 11;
94 <<L11>> -25250 6750 320 1425 1000;
5 16 L 12 11;
94 <<L12>> -15250 5750 320 1650 1000;
5 16 L 13 11;
94 <<L13>> -8750 5750 320 1650 1000;
5 16 L 14 11;
94 <<L14>> 9750 5750 320 1650 1000;
5 16 L 15 11;
94 <<L15>> 19750 5750 320 1650 1000;
5 16 L 16 11;
94 <<L16>> 29750 5750 320 1650 1000;
5 16 L 8 11;
94 <<L8>> -66750 4750 320 1275 1000;
5 16 B 1 11;
94 <<B1>> -46750 -1250 320 1050 1000;
5 16 B 2 11;
94 <<B2>> -36750 -1250 320 1275 1000;
5 16 B 3 11;
94 <<B3>> -26750 -1250 320 1275 1000;
5 16 V 1 11;
94 <<V1>> -73250 -2750 324 1050 1000;
5 16 R 3 11;
94 <<R3>> -66500 -4250 320 1275 1000;
5 16 B 4 11;
94 <<B4>> 8250 -4250 320 1275 1000;
5 16 B 5 11;
94 <<B5>> 18250 -4250 320 1275 1000;
5 16 B 6 11;
94 <<B6>> 28250 -4250 320 1275 1000;
5 16 L 18 11;
94 <<L18>> -9250 -6250 326 1650 1000;
5 16 R 4 11;
94 <<R4>> -18750 -8750 0 1275 1000;
5 16 L 19 11;
94 <<L19>> 250 -9750 0 1650 1000;
5 16 L 20 11;
94 <<L20>> 250 -13250 0 1875 1000;
5 16 R 5 11;
94 <<R5>> 18750 -16250 320 1275 1000;
5 16 L 21 11;
94 <<L21>> 2250 -18250 320 1650 1000;
5 16 L 22 11;
94 <<L22>> 4250 -23250 0 1875 1000;
5 16 B 7 11;
94 <<B7>> 10250 -23250 0 1275 1000;
5 16 L 23 11;
94 <<L23>> 2250 -27250 320 1875 1000;
5 16 I 7 11;
94 <<I7>> -6750 -28750 7 975 1000;
5 16 L 24 11;
94 <<L24>> 4250 -33250 0 1875 1000;
5 16 B 8 11;
94 <<B8>> 10250 -33250 0 1275 1000;
5 16 I 8 11;
94 <<I8>> -6750 -38750 7 975 1000;
5 16 L 25 11;
94 <<L25>> 2250 -38250 320 1875 1000;
5 16 L 26 11;
94 <<L26>> 4250 -43250 0 1875 1000;
5 16 B 9 11;
94 <<B9>> 10250 -43250 0 1275 1000;
5 16 I 9 11;
94 <<I9>> -6750 -48750 7 975 1000;
5 16 L 27 11;
94 <<L27>> 2250 -49250 320 1875 1000;
5 16 L 28 11;
94 <<L28>> 19750 -49250 320 1875 1000;
5 16 B 10 11;
94 <<B10>> -1750 -59250 320 1650 1000;
5 16 L 29 11;
94 <<L29>> 250 -64750 0 1875 1000;
5 16 L 30 11;
94 <<L30>> 250 -68250 0 1875 1000;
5 16 R 6 11;
94 <<R6>> 10250 -68500 0 1275 1000;
L MODL;
5 16 B 0 1;
94 <<jjSFQ1>> -3250 8250 320 3300 1000;
5 16 B 1 1;
94 <<jjSFQ1>> -43250 -4250 256 3300 1000;
5 16 B 2 1;
94 <<jjSFQ1>> -33250 -4250 256 3300 1000;
5 16 B 3 1;
94 <<jjSFQ1>> -23250 -4250 256 3300 1000;
5 16 B 4 1;
94 <<jjSFQ1>> 11750 -4250 256 3300 1000;
5 16 B 5 1;
94 <<jjSFQ1>> 21750 -4250 256 3300 1000;
5 16 B 6 1;
94 <<jjSFQ1>> 31750 -4250 256 3300 1000;
5 16 B 7 1;
94 <<jjSFQ1>> 19750 -26750 320 3300 1000;
5 16 B 8 1;
94 <<jjSFQ1>> 19750 -36750 320 3300 1000;
5 16 B 9 1;
94 <<jjSFQ1>> 16750 -41750 320 3300 1000;
5 16 B 10 1;
94 <<jjSFQ1>> 1750 -59250 256 3300 1000;
L VALU;
5 16 I 5 2;
94 <<pwl(0 0 0.09n 0 0.1ns 36u)>> 22000 13250 33025 13800 1000;
5 16 I 6 2;
94 <<pwl(0 0 0.09n 0 0.1ns 35u)>> 32250 13250 33025 13800 1000;
5 16 I 4 2;
94 <<pwl(0 0 0.09n 0 0.1n 74u)>> 12250 13250 33025 13200 1000;
5 16 I 0 2;
94 <<pwl(0 0 0.09n 0 0.1n 20u)>> -61750 12250 33025 13200 1000;
5 16 I 1 2;
94 <<pwl(0 0 0.09n 0 0.1n 30u)>> -42750 12250 33025 13200 1000;
5 16 I 2 2;
94 <<pwl(0 0 0.09n 0 0.1n 36u)>> -32750 12250 33025 13200 1000;
5 16 I 3 2;
94 <<pwl(0 0 0.09n 0 0.1n 35u)>> -22750 12250 33025 13200 1000;
5 16 R 0 2;
94 <<1>> -12250 22750 33088 450 1000;
5 16 V 1 2;
94 <<pulse(0 5e3 5ns 1ns 1ns 1ns 50ns)*pwl(0s 1 210ns 1 215ns 0)>> -78750 -9750 33025 32100 1000;
5 16 V 0 2;
94 <<pwl(0 1e5 0.2ns 1e5 0.3ns 0)>> 4750 21750 33088 14775 1000;
5 16 L 0 2;
94 <<1f>> -45250 9750 33088 975 1000;
5 16 L 1 2;
94 <<77.5p>> -37250 9750 33088 2700 1000;
5 16 L 2 2;
94 <<77.5p>> -27250 9750 33088 2700 1000;
5 16 L 3 2;
94 <<77.5n>> -17250 9750 33088 2700 1000;
5 16 L 4 2;
94 <<1f>> 5750 9750 33088 975 1000;
5 16 L 5 2;
94 <<200p>> 19750 9750 33088 2475 1000;
5 16 L 6 2;
94 <<77.5p>> 29750 9750 33088 2700 1000;
5 16 L 7 2;
94 <<1f>> 37750 9750 33088 975 1000;
5 16 L 17 2;
94 <<1f>> 41750 9750 33024 975 1000;
5 16 R 1 2;
94 <<1>> -73500 8750 33024 450 1000;
5 16 R 2 2;
94 <<v(1)+8.25>> -55250 8500 33088 4275 1000;
5 16 L 14 2;
94 <<2f>> 11750 5750 33024 1200 1000;
5 16 L 15 2;
94 <<1f>> 21750 5750 33024 975 1000;
5 16 L 16 2;
94 <<1f>> 31750 5750 33024 975 1000;
5 16 K 2 14;
94 <<K2=1>> -13587 4500 0 2175 1000;
5 16 L 9 2;
94 <<1f>> -46250 4750 33024 975 1000;
5 16 L 10 2;
94 <<1f>> -36250 4750 33024 975 1000;
5 16 L 11 2;
94 <<1f>> -26250 4750 33024 975 1000;
5 16 L 8 2;
94 <<247.5n>> -64750 3750 33024 3300 1000;
5 16 L 12 2;
94 <<200p>> -17250 3750 33024 2475 1000;
5 16 L 13 2;
94 <<20p>> -9750 3750 33024 1875 1000;
5 16 R 3 2;
94 <<v(3)+1e-6>> -63750 -4250 33024 4650 1000;
5 16 L 18 2;
94 <<1f>> -8750 -4250 33024 975 1000;
5 16 R 4 2;
94 <<v(1)+1.55>> -17250 -11500 33088 4050 1000;
5 16 L 19 2;
94 <<20p>> 9750 -11750 33088 1875 1000;
5 16 K 1 14;
94 <<K1=1>> 4025 -13000 0 1950 1000;
5 16 L 20 2;
94 <<200p>> 9750 -15250 33088 2475 1000;
5 16 R 5 2;
94 <<v(1)+0.04>> 21500 -15250 33024 4275 1000;
5 16 L 21 2;
94 <<200p>> 250 -17250 33024 2475 1000;
5 16 I 7 2;
94 <<pwl(0 0 0.09n 0 0.1n 35u)>> -3250 -22250 33092 13200 1000;
5 16 L 22 2;
94 <<1f>> 5750 -25250 33088 975 1000;
5 16 L 23 2;
94 <<77.5p>> 250 -29250 33024 2700 1000;
5 16 I 8 2;
94 <<pwl(0 0 0.09n 0 0.1n 36u)>> -3250 -32250 33092 13200 1000;
5 16 L 24 2;
94 <<1f>> 5750 -35250 33088 975 1000;
5 16 L 25 2;
94 <<200p>> 250 -40250 33024 2475 1000;
5 16 I 9 2;
94 <<pwl(0 0 0.09n 0 0.1n 74u)>> -2250 -42250 33092 13200 1000;
5 16 L 26 2;
94 <<1f>> 5750 -45250 33088 975 1000;
5 16 L 28 2;
94 <<20p>> 21750 -45250 33024 1875 1000;
5 16 L 27 2;
94 <<1f>> 250 -50250 33024 975 1000;
5 16 L 29 2;
94 <<20p>> 9750 -66750 33088 1875 1000;
5 16 L 30 2;
94 <<77.5p>> 9750 -70250 33088 2700 1000;
5 16 R 6 2;
94 <<v(1)+0.0775>> 19750 -71250 33088 5475 1000;
L PARM;
5 16 B 0 3;
94 <<area=40>> -6750 7250 33024 4200 1000;
5 16 B 1 3;
94 <<area=40>> -43250 -6750 32768 4200 1000;
5 16 B 2 3;
94 <<area=40>> -33250 -6750 32768 4200 1000;
5 16 B 3 3;
94 <<area=40>> -23250 -6750 32768 4200 1000;
5 16 B 4 3;
94 <<area=40>> 11750 -6750 32768 4200 1000;
5 16 B 5 3;
94 <<area=40>> 21750 -6750 32768 4200 1000;
5 16 B 6 3;
94 <<area=40>> 31750 -6750 32768 4200 1000;
5 16 B 7 3;
94 <<area=40>> 10250 -27750 33024 4200 1000;
5 16 B 8 3;
94 <<area=40>> 10250 -37750 33024 4200 1000;
5 16 B 9 3;
94 <<area=40>> 12250 -46750 33024 4200 1000;
5 16 B 10 3;
94 <<area=40>> 1750 -61750 32768 4200 1000;
DF;
E
* Generated by Xic from cell 09__neuron__1sy_1rs__mi_feedback__low_pass__01
.tran 10p 350n
.plot tran L0#branch L12#branch L4#branch L14#branch L7#branch L30#branch L20#branch L22#branch v(42) v(38) v(45) v(10) v(28)
B0 16 15 38 jjSFQ1 area=40
B1 19 0 39 jjSFQ1 area=40
B2 20 0 40 jjSFQ1 area=40
B3 21 0 41 jjSFQ1 area=40
B4 23 26 42 jjSFQ1 area=40
B5 24 0 43 jjSFQ1 area=40
B6 25 0 44 jjSFQ1 area=40
B7 29 0 45 jjSFQ1 area=40
B8 31 0 46 jjSFQ1 area=40
B9 33 34 47 jjSFQ1 area=40
B10 35 36 48 jjSFQ1 area=40
I0 0 6 pwl(0 0 0.09n 0 0.1n 20u)
I1 0 7 pwl(0 0 0.09n 0 0.1n 30u)
I2 0 8 pwl(0 0 0.09n 0 0.1n 36u)
I3 0 9 pwl(0 0 0.09n 0 0.1n 35u)
I4 0 10 pwl(0 0 0.09n 0 0.1n 74u)
I5 0 11 pwl(0 0 0.09n 0 0.1ns 36u)
I6 0 12 pwl(0 0 0.09n 0 0.1ns 35u)
I7 0 28 pwl(0 0 0.09n 0 0.1n 35u)
I8 0 30 pwl(0 0 0.09n 0 0.1n 36u)
I9 0 32 pwl(0 0 0.09n 0 0.1n 74u)
K1 L19 L20 1
K2 L12 L13 1
L0 13 7 1f
L1 7 8 77.5p
L2 8 9 77.5p
L3 9 14 77.5n
L4 10 16 1f
L5 10 11 200p
L6 11 12 77.5p
L7 12 17 1f
L8 6 18 247.5n
L9 7 19 1f
L10 8 20 1f
L11 9 21 1f
L12 14 3 200p
L13 15 22 20p
L14 10 23 2f
L15 11 24 1f
L16 12 25 1f
L17 17 4 1f
L18 22 0 1f
L19 26 0 20p
L20 27 5 200p
L21 28 27 200p
L22 28 29 1f
L23 30 28 77.5p
L24 30 31 1f
L25 32 30 200p
L26 32 33 1f
L27 35 32 1f
L28 34 0 20p
L29 0 36 20p
L30 37 0 77.5p
R0 1 0 1
R1 0 2 1
R2 6 13 v(1)+8.25
R3 18 0 v(3)+1e-6
R4 3 0 v(1)+1.55
R5 5 0 v(1)+0.04
R6 4 37 v(1)+0.0775
V0 1 0 pwl(0 1e5 0.2ns 1e5 0.3ns 0)
V1 2 0 pulse(0 5e3 5ns 1ns 1ns 1ns 50ns)*pwl(0s 1 210ns 1 215ns 0)
.model jjSFQ1 jj(rtype=0, cct=1, vg=2.8m, icrit=1u, cap= 5f, vshunt=0.25mV)
.save @I8[c]
.save @I4[c]
.save @I3[c]
.save @I0[c]
.save @I9[c]
.save @I1[c]
.save @I6[c]
.save @I2[c]
.save @I5[c]
.save @I7[c]
