(Symbol neuron__4jj__single_pulse);
($Id:$);
(PHYSICAL);
(RESOLUTION 1000);
9 neuron__4jj__single_pulse;
DS 0 1 1;
DF;
E
(ELECTRICAL);
(RESOLUTION 1000);
5 7102 (||2:-5000 9000||) (||2:31000 11000||) (||2:88000 7000||) (||2:46000 -3000||);
5 7101 tran 10p 200n;
5 14 1 L 14 L 13 -1;
5 14 2 L 23 L 22 1;
5 14 3 L 17 L 15 1;
5 14 4 L 12 L 7 1;
5 14 5 L 10 L 11 1;
5 11 X 0 subckt;
9 neuron__4jj__single_pulse;
DS 0 1 1;
(SymbolCall gnd);
5 10 0 0 1000 29000;
1 Bound -1600 28000 1000 30000;
( Rotate 270 );
9 gnd;
C 0 R 0 -1 T 0 30000;
(SymbolCall gnd);
5 10 0 0 23000 29000;
1 Bound 23000 28000 25600 30000;
( Rotate 90 );
9 gnd;
C 0 R 0 1 T 24000 28000;
(SymbolCall gnd);
5 10 0 0 55000 21000;
1 Bound 54000 21000 56000 23600;
( Rotate 180 );
9 gnd;
C 0 R -1 0 T 56000 22000;
(SymbolCall gnd);
5 10 0 0 65000 21000;
1 Bound 64000 21000 66000 23600;
( Rotate 180 );
9 gnd;
C 0 R -1 0 T 66000 22000;
(SymbolCall gnd);
5 10 0 0 75000 21000;
1 Bound 74000 21000 76000 23600;
( Rotate 180 );
9 gnd;
C 0 R -1 0 T 76000 22000;
(SymbolCall gnd);
5 10 0 0 97000 21000;
1 Bound 96000 21000 98000 23600;
( Rotate 180 );
9 gnd;
C 0 R -1 0 T 98000 22000;
(SymbolCall gnd);
5 10 0 0 -16000 20000;
1 Bound -17000 20000 -15000 22600;
( Rotate 180 );
9 gnd;
C 0 R -1 0 T -15000 21000;
(SymbolCall gnd);
5 10 0 0 10000 20000;
1 Bound 9000 20000 11000 22600;
( Rotate 180 );
9 gnd;
C 0 R -1 0 T 11000 21000;
(SymbolCall gnd);
5 10 0 0 20000 20000;
1 Bound 19000 20000 21000 22600;
( Rotate 180 );
9 gnd;
C 0 R -1 0 T 21000 21000;
(SymbolCall gnd);
5 10 0 0 30000 20000;
1 Bound 29000 20000 31000 22600;
( Rotate 180 );
9 gnd;
C 0 R -1 0 T 31000 21000;
(SymbolCall gnd);
5 10 0 0 -22000 10000;
1 Bound -23000 10000 -21000 12600;
9 gnd;
C 0 MY T -23000 11000;
(SymbolCall gnd);
5 10 0 0 45000 1000;
1 Bound 44000 -1600 46000 1000;
9 gnd;
C 0 T 44000 0;
(SymbolCall gnd);
5 10 0 0 65000 1000;
1 Bound 64000 -1600 66000 1000;
9 gnd;
C 0 T 64000 0;
(SymbolCall gnd);
5 10 0 0 75000 1000;
1 Bound 74000 -1600 76000 1000;
9 gnd;
C 0 T 74000 0;
(SymbolCall gnd);
5 10 0 0 0 0;
1 Bound -1000 -2600 1000 0;
9 gnd;
C 0 T -1000 -1000;
(SymbolCall gnd);
5 10 0 0 20000 0;
1 Bound 19000 -2600 21000 0;
9 gnd;
C 0 T 19000 -1000;
(SymbolCall gnd);
5 10 0 0 30000 0;
1 Bound 29000 -2600 31000 0;
9 gnd;
C 0 T 29000 -1000;
(SymbolCall gnd);
5 10 0 0 -16000 -10000;
1 Bound -17000 -12600 -15000 -10000;
( Rotate 180 );
9 gnd;
C 0 MY R -1 0 T -15000 -11000;
(SymbolCall gnd);
5 10 0 0 97000 -11000;
1 Bound 96000 -13600 98000 -11000;
9 gnd;
C 0 T 96000 -12000;
(SymbolCall gnd);
5 10 0 0 -22000 -12000;
1 Bound -23000 -14600 -21000 -12000;
( Rotate 180 );
9 gnd;
C 0 MY R -1 0 T -21000 -13000;
(SymbolCall gnd);
5 10 0 0 35000 -14000;
1 Bound 32400 -15000 35000 -13000;
( Rotate 270 );
9 gnd;
C 0 R 0 -1 T 34000 -13000;
(SymbolCall gnd);
5 10 0 0 55000 -14000;
1 Bound 55000 -15000 57600 -13000;
( Rotate 90 );
9 gnd;
C 0 R 0 1 T 56000 -15000;
(SymbolCall gnd);
5 10 0 0 35000 -24000;
1 Bound 32400 -25000 35000 -23000;
( Rotate 270 );
9 gnd;
C 0 R 0 -1 T 34000 -23000;
(SymbolCall gnd);
5 10 0 0 55000 -24000;
1 Bound 55000 -25000 57600 -23000;
( Rotate 90 );
9 gnd;
C 0 R 0 1 T 56000 -25000;
(SymbolCall gnd);
5 10 0 0 35000 -34000;
1 Bound 32400 -35000 35000 -33000;
( Rotate 270 );
9 gnd;
C 0 R 0 -1 T 34000 -33000;
(SymbolCall gnd);
5 10 0 0 55000 -44000;
1 Bound 55000 -45000 57600 -43000;
( Rotate 90 );
9 gnd;
C 0 R 0 1 T 56000 -45000;
(SymbolCall gnd);
5 10 0 0 42000 -48000;
1 Bound 41000 -50600 43000 -48000;
9 gnd;
C 0 T 41000 -49000;
(SymbolCall ind);
5 10 10 1 65000 11000 L0-;
5 10 9 0 55000 11000 L0+;
5 15 56000 12000 1 0;
5 2 200p;
5 11 L 0;
1 Bound 55000 11000 65000 12500;
( Rotate 90 );
9 ind;
C 0 R 0 1 T 65000 10000;
(SymbolCall ind);
5 10 11 1 75000 11000 L1-;
5 10 10 0 65000 11000 L1+;
5 15 66000 12000 1 0;
5 2 77.5p;
5 11 L 1;
1 Bound 65000 11000 75000 12500;
( Rotate 90 );
9 ind;
C 0 R 0 1 T 75000 10000;
(SymbolCall ind);
5 10 2 1 85000 11000 L2-;
5 10 11 0 75000 11000 L2+;
5 15 76000 12000 1 0;
5 2 1f;
5 11 L 2;
1 Bound 75000 11000 85000 12500;
( Rotate 90 );
9 ind;
C 0 R 0 1 T 85000 10000;
(SymbolCall ind);
5 10 17 1 -6000 10000 L3-;
5 10 12 0 -16000 10000 L3+;
5 15 -15000 11000 1 0;
5 2 100n;
5 11 L 3;
1 Bound -16000 10000 -6000 11500;
( Rotate 90 );
9 ind;
C 0 R 0 1 T -6000 9000;
(SymbolCall ind);
5 10 14 1 20000 10000 L4-;
5 10 13 0 10000 10000 L4+;
5 15 11000 11000 1 0;
5 2 200p;
5 11 L 4;
1 Bound 10000 10000 20000 11500;
( Rotate 90 );
9 ind;
C 0 R 0 1 T 20000 9000;
(SymbolCall ind);
5 10 15 1 30000 10000 L5-;
5 10 14 0 20000 10000 L5+;
5 15 21000 11000 1 0;
5 2 77.5p;
5 11 L 5;
1 Bound 20000 10000 30000 11500;
( Rotate 90 );
9 ind;
C 0 R 0 1 T 30000 9000;
(SymbolCall ind);
5 2 50n;
5 10 19 1 40000 10000 L6-;
5 10 15 0 30000 10000 L6+;
5 15 31000 11000 1 0;
5 11 L 6;
1 Bound 30000 10000 40000 11500;
( Rotate 90 );
9 ind;
C 0 R 0 1 T 40000 9000;
(SymbolCall ind);
5 10 0 1 45000 1000 L7-;
5 10 16 0 45000 11000 L7+;
5 15 44000 10000 0 -1;
5 17 mutual;
5 2 20p;
5 11 L 7;
1 Bound 43500 1000 45000 11000;
( Rotate 180 );
9 ind;
C 0 MY R -1 0 T 46000 1000;
(SymbolCall ind);
5 10 4 1 107000 1000 L8-;
5 10 3 0 107000 11000 L8+;
5 15 106000 10000 0 -1;
5 2 1f;
5 11 L 8;
1 Bound 105500 1000 107000 11000;
( Rotate 180 );
9 ind;
C 0 MY R -1 0 T 108000 1000;
(SymbolCall ind);
5 10 21 1 -16000 0 L9-;
5 10 12 0 -16000 10000 L9+;
5 15 -17000 9000 0 -1;
5 2 100n;
5 11 L 9;
1 Bound -17500 0 -16000 10000;
( Rotate 180 );
9 ind;
C 0 MY R -1 0 T -15000 0;
(SymbolCall ind);
5 2 250p;
5 10 6 1 -6000 0 L10-;
5 10 17 0 -6000 10000 L10+;
5 15 -5000 9000 0 -1;
5 11 L 10;
5 17 mutual;
1 Bound -6000 0 -4500 10000;
9 ind;
C 0 T -7000 0;
(SymbolCall ind);
5 10 0 1 0 0 L11-;
5 10 18 0 0 10000 L11+;
5 15 -1000 9000 0 -1;
5 11 L 11;
5 17 mutual;
5 2 20p;
1 Bound -1500 0 0 10000;
( Rotate 180 );
9 ind;
C 0 MY R -1 0 T 1000 0;
(SymbolCall ind);
5 10 23 1 40000 0 L12-;
5 10 19 0 40000 10000 L12+;
5 15 39000 9000 0 -1;
5 17 mutual;
5 2 200p;
5 11 L 12;
1 Bound 38500 0 40000 10000;
( Rotate 180 );
9 ind;
C 0 MY R -1 0 T 41000 0;
(SymbolCall ind);
5 10 24 1 97000 -1000 L13-;
5 10 3 0 97000 9000 L13+;
5 15 96000 8000 0 -1;
5 17 mutual;
5 2 400p;
5 11 L 13;
1 Bound 95500 -1000 97000 9000;
( Rotate 180 );
9 ind;
C 0 MY R -1 0 T 98000 -1000;
(SymbolCall ind);
5 2 0p;
5 10 7 1 87000 -2000 L14-;
5 10 2 0 87000 8000 L14+;
5 15 88000 7000 0 -1;
5 17 mutual;
5 11 L 14;
1 Bound 87000 -2000 88500 8000;
9 ind;
C 0 T 86000 -2000;
(SymbolCall ind);
5 10 0 1 45000 1000 L15-;
5 10 20 0 55000 1000 L15+;
5 15 54000 0 -1 0;
5 17 mutual;
5 2 20p;
5 11 L 15;
1 Bound 45000 -500 55000 1000;
( Rotate 270 );
9 ind;
C 0 R 0 -1 T 45000 2000;
(SymbolCall ind);
5 10 0 1 0 0 L16-;
5 10 22 0 10000 0 L16+;
5 15 9000 -1000 -1 0;
5 2 20p;
5 11 L 16;
1 Bound 0 -1500 10000 0;
( Rotate 270 );
9 ind;
C 0 R 0 -1 T 0 1000;
(SymbolCall ind);
5 2 20p;
5 10 25 1 55000 -4000 L17-;
5 10 26 0 45000 -4000 L17+;
5 15 46000 -3000 1 0;
5 17 mutual;
5 11 L 17;
1 Bound 45000 -4000 55000 -2500;
( Rotate 90 );
9 ind;
C 0 R 0 1 T 55000 -5000;
(SymbolCall ind);
5 2 57.5p;
5 10 26 1 45000 -4000 L18-;
5 10 27 0 45000 -14000 L18+;
5 15 44000 -13000 0 1;
5 11 L 18;
1 Bound 43500 -14000 45000 -4000;
( Rotate 180 );
9 ind;
C 0 R -1 0 T 46000 -4000;
(SymbolCall ind);
5 10 27 1 45000 -14000 L19-;
5 10 28 0 45000 -24000 L19+;
5 15 44000 -23000 0 1;
5 2 77.5p;
5 11 L 19;
1 Bound 43500 -24000 45000 -14000;
( Rotate 180 );
9 ind;
C 0 R -1 0 T 46000 -14000;
(SymbolCall ind);
5 10 28 1 45000 -24000 L20-;
5 10 29 0 45000 -34000 L20+;
5 15 44000 -33000 0 1;
5 2 200p;
5 11 L 20;
1 Bound 43500 -34000 45000 -24000;
( Rotate 180 );
9 ind;
C 0 R -1 0 T 46000 -24000;
(SymbolCall ind);
5 10 0 1 55000 -44000 L21-;
5 10 30 0 55000 -34000 L21+;
5 15 56000 -35000 0 -1;
5 2 20p;
5 11 L 21;
1 Bound 55000 -44000 56500 -34000;
9 ind;
C 0 T 54000 -44000;
(SymbolCall ind);
5 10 0 1 55000 -44000 L22-;
5 10 31 0 45000 -44000 L22+;
5 15 46000 -45000 1 0;
5 17 mutual;
5 2 20p;
5 11 L 22;
1 Bound 45000 -45500 55000 -44000;
( Rotate 270 );
9 ind;
C 0 MY R 0 -1 T 55000 -43000;
(SymbolCall ind);
5 2 77.5p;
5 10 8 1 55000 -48000 L23-;
5 10 0 0 45000 -48000 L23+;
5 15 46000 -49000 1 0;
5 17 mutual;
5 11 L 23;
1 Bound 45000 -49500 55000 -48000;
( Rotate 270 );
9 ind;
C 0 MY R 0 -1 T 55000 -47000;
(SymbolCall isrc);
5 2 pwl(0 0 0.09n 0 0.1n 73u);
5 10 9 1 55000 11000 I0_1;
5 10 0 0 55000 21000 I0_0;
5 15 55000 15000 0 -1 @<name>[c];
5 5 nophys;
5 11 I 0;
1 Bound 53000 11000 57000 21000;
9 isrc;
C 0 T 53000 11000;
(SymbolCall isrc);
5 10 10 1 65000 11000 I1_1;
5 10 0 0 65000 21000 I1_0;
5 15 65000 15000 0 -1 @<name>[c];
5 5 nophys;
5 2 pwl(0 0 0.09n 0 0.1ns 36u);
5 11 I 1;
1 Bound 63000 11000 67000 21000;
9 isrc;
C 0 T 63000 11000;
(SymbolCall isrc);
5 10 11 1 75000 11000 I2_1;
5 10 0 0 75000 21000 I2_0;
5 15 75000 15000 0 -1 @<name>[c];
5 5 nophys;
5 2 pwl(0 0 0.09n 0 0.1ns 35u);
5 11 I 2;
1 Bound 73000 11000 77000 21000;
9 isrc;
C 0 T 73000 11000;
(SymbolCall isrc);
5 10 3 1 97000 11000 I3_1;
5 10 0 0 97000 21000 I3_0;
5 15 97000 15000 0 -1 @<name>[c];
5 5 nophys;
5 2 pwl(0 0 0.09n 0 0.1ns 35u);
5 11 I 3;
1 Bound 95000 11000 99000 21000;
9 isrc;
C 0 T 95000 11000;
(SymbolCall isrc);
5 2 pwl(0 0 0.1ns 0 0.19ns 10u);
5 10 12 1 -16000 10000 I4_1;
5 10 0 0 -16000 20000 I4_0;
5 15 -16000 14000 0 -1 @<name>[c];
5 5 nophys;
5 11 I 4;
1 Bound -18000 10000 -14000 20000;
9 isrc;
C 0 T -18000 10000;
(SymbolCall isrc);
5 10 13 1 10000 10000 I5_1;
5 10 0 0 10000 20000 I5_0;
5 15 10000 14000 0 -1 @<name>[c];
5 2 pwl(0 0 0.09n 0 0.1n 72u);
5 11 I 5;
5 5 nophys;
1 Bound 8000 10000 12000 20000;
9 isrc;
C 0 T 8000 10000;
(SymbolCall isrc);
5 10 14 1 20000 10000 I6_1;
5 10 0 0 20000 20000 I6_0;
5 15 20000 14000 0 -1 @<name>[c];
5 2 pwl(0 0 0.09n 0 0.1ns 36u);
5 5 nophys;
5 11 I 6;
1 Bound 18000 10000 22000 20000;
9 isrc;
C 0 T 18000 10000;
(SymbolCall isrc);
5 10 15 1 30000 10000 I7_1;
5 10 0 0 30000 20000 I7_0;
5 15 30000 14000 0 -1 @<name>[c];
5 2 pwl(0 0 0.09n 0 0.1ns 35u);
5 5 nophys;
5 11 I 7;
1 Bound 28000 10000 32000 20000;
9 isrc;
C 0 T 28000 10000;
(SymbolCall isrc);
5 10 27 1 45000 -14000 I8_1;
5 10 0 0 35000 -14000 I8_0;
5 15 41000 -14000 1 0 @<name>[c];
5 2 pwl(0 0 0.09n 0 0.1ns 35u);
5 5 nophys;
5 11 I 8;
1 Bound 35000 -16000 45000 -12000;
( Rotate 90 );
9 isrc;
C 0 R 0 1 T 45000 -16000;
(SymbolCall isrc);
5 10 28 1 45000 -24000 I9_1;
5 10 0 0 35000 -24000 I9_0;
5 15 41000 -24000 1 0 @<name>[c];
5 2 pwl(0 0 0.09n 0 0.1ns 36u);
5 5 nophys;
5 11 I 9;
1 Bound 35000 -26000 45000 -22000;
( Rotate 90 );
9 isrc;
C 0 R 0 1 T 45000 -26000;
(SymbolCall isrc);
5 2 pwl(0 0 0.09n 0 0.1n 73u);
5 10 29 1 45000 -34000 I10_1;
5 10 0 0 35000 -34000 I10_0;
5 15 41000 -34000 1 0 @<name>[c];
5 5 nophys;
5 11 I 10;
1 Bound 35000 -36000 45000 -32000;
( Rotate 90 );
9 isrc;
C 0 R 0 1 T 45000 -36000;
(SymbolCall jj);
5 10 32 2 53000 10000 B0_2;
5 10 16 1 45000 11000 B0-;
5 10 9 0 55000 11000 B0+;
5 3 area=40;
5 1 jjSFQ1;
5 11 B 0;
1 Bound 45000 9500 55000 12500;
( Rotate 90 );
9 jj;
C 0 MY R 0 1 T 45000 10000;
(SymbolCall jj);
5 10 33 2 8000 9000 B1_2;
5 10 18 1 0 10000 B1-;
5 10 13 0 10000 10000 B1+;
5 11 B 1;
5 1 jjSFQ1;
5 3 area=40;
1 Bound 0 8500 10000 11500;
( Rotate 90 );
9 jj;
C 0 MY R 0 1 T 0 9000;
(SymbolCall jj);
5 10 34 2 54000 9000 B2_2;
5 10 20 1 55000 1000 B2-;
5 10 9 0 55000 11000 B2+;
5 3 area=40;
5 1 jjSFQ1;
5 11 B 2;
1 Bound 53500 1000 56500 11000;
9 jj;
C 0 T 54000 1000;
(SymbolCall jj);
5 10 35 2 64000 9000 B3_2;
5 10 0 1 65000 1000 B3-;
5 10 10 0 65000 11000 B3+;
5 1 jjSFQ1;
5 3 area=40;
5 11 B 3;
1 Bound 63500 1000 66500 11000;
9 jj;
C 0 T 64000 1000;
(SymbolCall jj);
5 10 36 2 74000 9000 B4_2;
5 10 0 1 75000 1000 B4-;
5 10 11 0 75000 11000 B4+;
5 1 jjSFQ1;
5 3 area=40;
5 11 B 4;
1 Bound 73500 1000 76500 11000;
9 jj;
C 0 T 74000 1000;
(SymbolCall jj);
5 10 37 2 9000 8000 B5_2;
5 10 22 1 10000 0 B5-;
5 10 13 0 10000 10000 B5+;
5 1 jjSFQ1;
5 3 area=40;
5 11 B 5;
1 Bound 8500 0 11500 10000;
9 jj;
C 0 T 9000 0;
(SymbolCall jj);
5 10 38 2 19000 8000 B6_2;
5 10 0 1 20000 0 B6-;
5 10 14 0 20000 10000 B6+;
5 11 B 6;
5 3 area=40;
5 1 jjSFQ1;
1 Bound 18500 0 21500 10000;
9 jj;
C 0 T 19000 0;
(SymbolCall jj);
5 10 39 2 29000 8000 B7_2;
5 10 0 1 30000 0 B7-;
5 10 15 0 30000 10000 B7+;
5 11 B 7;
5 3 area=40;
5 1 jjSFQ1;
1 Bound 28500 0 31500 10000;
9 jj;
C 0 T 29000 0;
(SymbolCall jj);
5 10 40 2 96000 -3000 B8_2;
5 10 0 1 97000 -11000 B8-;
5 10 24 0 97000 -1000 B8+;
5 1 jjHys;
5 3 area=40;
5 11 B 8;
1 Bound 95500 -11000 98500 -1000;
9 jj;
C 0 T 96000 -11000;
(SymbolCall jj);
5 10 41 2 47000 -15000 B9_2;
5 10 0 1 55000 -14000 B9-;
5 10 27 0 45000 -14000 B9+;
5 1 jjSFQ1;
5 3 area=40;
5 11 B 9;
1 Bound 45000 -15500 55000 -12500;
( Rotate 90 );
9 jj;
C 0 R 0 1 T 55000 -15000;
(SymbolCall jj);
5 10 42 2 47000 -25000 B10_2;
5 10 0 1 55000 -24000 B10-;
5 10 28 0 45000 -24000 B10+;
5 1 jjSFQ1;
5 3 area=40;
5 11 B 10;
1 Bound 45000 -25500 55000 -22500;
( Rotate 90 );
9 jj;
C 0 R 0 1 T 55000 -25000;
(SymbolCall jj);
5 10 43 2 47000 -35000 B11_2;
5 10 30 1 55000 -34000 B11-;
5 10 29 0 45000 -34000 B11+;
5 3 area=40;
5 1 jjSFQ1;
5 11 B 11;
1 Bound 45000 -35500 55000 -32500;
( Rotate 90 );
9 jj;
C 0 R 0 1 T 55000 -35000;
(SymbolCall jj);
5 10 44 2 46000 -36000 B12_2;
5 10 31 1 45000 -44000 B12-;
5 10 29 0 45000 -34000 B12+;
5 3 area=40;
5 1 jjSFQ1;
5 11 B 12;
1 Bound 43500 -44000 46500 -34000;
( Rotate 180 );
9 jj;
C 0 MY R -1 0 T 46000 -44000;
(SymbolCall res);
5 10 0 1 1000 29000 R0-;
5 10 1 0 11000 29000 R0+;
5 15 10000 30000 -1 0 "<v>/<value>O";
5 11 R 0;
5 2 1;
1 Bound 1000 28000 11000 30250;
( Rotate 270 );
9 res;
C 0 R 0 -1 T 11000 29000;
(SymbolCall res);
5 10 5 1 -22000 0 R1-;
5 10 0 0 -22000 10000 R1+;
5 15 -21000 9000 0 -1 "<v>/<value>O";
5 11 R 1;
5 2 1;
1 Bound -23000 0 -20750 10000;
( Rotate 180 );
9 res;
C 0 MY R -1 0 T -22000 10000;
(SymbolCall res);
5 2 R=v(1)+0.1004;
5 10 0 1 30000 0 R2-;
5 10 23 0 40000 0 R2+;
5 15 39000 1000 -1 0 "<v>/<value>O";
5 11 R 2;
1 Bound 30000 -1000 40000 1250;
( Rotate 270 );
9 res;
C 0 R 0 -1 T 40000 0;
(SymbolCall res);
5 10 0 1 -16000 -10000 R3-;
5 10 21 0 -16000 0 R3+;
5 15 -15000 -1000 0 -1 "<v>/<value>O";
5 2 R=v(5)+1e-6;
5 11 R 3;
1 Bound -17000 -10000 -14750 0;
( Rotate 180 );
9 res;
C 0 MY R -1 0 T -16000 0;
(SymbolCall res);
5 2 R=v(1)+1.55e-3;
5 10 0 1 55000 -14000 R4-;
5 10 25 0 55000 -4000 R4+;
5 15 54000 -5000 0 -1 "<v>/<value>O";
5 11 R 4;
1 Bound 53750 -14000 56000 -4000;
9 res;
C 0 T 55000 -4000;
(SymbolCall res);
5 10 6 1 -6000 -10000 R5-;
5 10 0 0 -16000 -10000 R5+;
5 15 -15000 -11000 1 0 "<v>/<value>O";
5 2 R=v(1)+4.008;
5 11 R 5;
1 Bound -16000 -11250 -6000 -9000;
( Rotate 90 );
9 res;
C 0 R 0 1 T -16000 -10000;
(SymbolCall res);
5 10 0 1 97000 -11000 R6-;
5 10 4 0 107000 -11000 R6+;
5 15 106000 -10000 -1 0 "<v>/<value>O";
5 2 R=v(1)+1;
5 11 R 6;
1 Bound 97000 -12000 107000 -9750;
( Rotate 270 );
9 res;
C 0 R 0 -1 T 107000 -11000;
(SymbolCall res);
5 2 R=v(1)+1.55e-3;
5 10 8 1 61000 -48000 R7-;
5 10 7 0 71000 -48000 R7+;
5 15 70000 -47000 -1 0 "<v>/<value>O";
5 11 R 7;
1 Bound 61000 -49000 71000 -46750;
( Rotate 270 );
9 res;
C 0 R 0 -1 T 71000 -48000;
(SymbolCall vsrc);
5 10 0 1 23000 29000 V0_1;
5 10 1 0 13000 29000 V0_0;
5 15 17000 29000 1 0;
5 11 V 0;
5 5 nophys;
5 2 pwl(0 1e5 0.2ns 1e5 0.3ns 0);
1 Bound 13000 27000 23000 31000;
( Rotate 90 );
9 vsrc;
C 0 R 0 1 T 23000 27000;
(SymbolCall vsrc);
5 2 pwl(0 0 4.999n 0 5n 5e3 5.2n 5e3 5.201n 0);
5 10 0 1 -22000 -12000 V1_1;
5 10 5 0 -22000 -2000 V1_0;
5 15 -22000 -6000 0 -1;
5 11 V 1;
5 5 nophys;
1 Bound -24000 -12000 -20000 -2000;
( Rotate 180 );
9 vsrc;
C 0 MY R -1 0 T -20000 -12000;
L SCED;
5 10 1;
W2 0 11000 29000 13000 29000;
5 10 2;
W2 0 85000 11000 87000 11000 87000 8000;
5 10 3;
W2 0 107000 11000 97000 11000 97000 9000;
5 10 4;
W2 0 107000 -11000 107000 1000;
5 10 5;
W2 0 -22000 0 -22000 -2000;
5 10 6;
W2 0 -6000 0 -6000 -10000;
5 10 7;
W2 0 71000 -48000 87000 -48000 87000 -2000;
5 10 0;
W2 0 42000 -48000 45000 -48000;
5 10 8;
W2 0 55000 -48000 61000 -48000;
L NAME;
5 16 V 0 11;
94 <<V0>> 13250 31250 0 1275 1000;
5 16 R 0 11;
94 <<R0>> 1250 30500 0 1275 1000;
5 16 I 0 11;
94 <<I0>> 52750 19750 320 975 1000;
5 16 I 1 11;
94 <<I1>> 62750 19750 320 750 1000;
5 16 I 2 11;
94 <<I2>> 72750 19750 320 975 1000;
5 16 I 3 11;
94 <<I3>> 94750 19750 320 975 1000;
5 16 I 4 11;
94 <<I4>> -18250 18750 320 975 1000;
5 16 I 5 11;
94 <<I5>> 7750 18750 320 975 1000;
5 16 I 6 11;
94 <<I6>> 17750 18750 320 975 1000;
5 16 I 7 11;
94 <<I7>> 27750 18750 320 975 1000;
5 16 L 0 11;
94 <<L0>> 55250 12750 0 1275 1000;
5 16 L 1 11;
94 <<L1>> 65250 12750 0 1050 1000;
5 16 L 2 11;
94 <<L2>> 75250 12750 0 1275 1000;
5 16 L 3 11;
94 <<L3>> -15750 11750 0 1275 1000;
5 16 L 4 11;
94 <<L4>> 10250 11750 0 1275 1000;
5 16 L 5 11;
94 <<L5>> 20250 11750 0 1275 1000;
5 16 L 6 11;
94 <<L6>> 30250 11750 0 1275 1000;
5 16 B 0 11;
94 <<B0>> 47250 10750 0 1275 1000;
5 16 B 1 11;
94 <<B1>> 2250 9750 0 1050 1000;
5 16 L 9 11;
94 <<L9>> -17750 8750 320 1275 1000;
5 16 L 10 11;
94 <<L10>> -6250 8750 320 1650 1000;
5 16 L 7 11;
94 <<L7>> 46250 6750 320 1275 1000;
5 16 B 2 11;
94 <<B2>> 53250 6750 320 1275 1000;
5 16 B 3 11;
94 <<B3>> 63250 6750 320 1275 1000;
5 16 B 4 11;
94 <<B4>> 73250 6750 320 1275 1000;
5 16 L 14 11;
94 <<L14>> 86750 6750 320 1650 1000;
5 16 L 8 11;
94 <<L8>> 108250 6750 320 1275 1000;
5 16 L 11 11;
94 <<L11>> 1250 5750 320 1425 1000;
5 16 B 5 11;
94 <<B5>> 8250 5750 320 1275 1000;
5 16 B 6 11;
94 <<B6>> 18250 5750 320 1275 1000;
5 16 B 7 11;
94 <<B7>> 28250 5750 320 1275 1000;
5 16 L 12 11;
94 <<L12>> 41250 5750 320 1650 1000;
5 16 R 1 11;
94 <<R1>> -20250 4750 320 1050 1000;
5 16 L 13 11;
94 <<L13>> 98250 4750 320 1650 1000;
5 16 R 2 11;
94 <<R2>> 30250 1500 0 1275 1000;
5 16 L 15 11;
94 <<L15>> 46250 1250 0 1650 1000;
5 16 L 16 11;
94 <<L16>> 1250 250 0 1650 1000;
5 16 R 3 11;
94 <<R3>> -17250 -1250 320 1275 1000;
5 16 L 17 11;
94 <<L17>> 45250 -2250 0 1650 1000;
5 16 V 1 11;
94 <<V1>> -20250 -4750 324 1050 1000;
5 16 L 18 11;
94 <<L18>> 43250 -5250 320 1650 1000;
5 16 R 4 11;
94 <<R4>> 53500 -5250 320 1275 1000;
5 16 B 8 11;
94 <<B8>> 95250 -5250 320 1275 1000;
5 16 R 6 11;
94 <<R6>> 97250 -9500 0 1275 1000;
5 16 R 5 11;
94 <<R5>> -13750 -9750 0 1275 1000;
5 16 I 8 11;
94 <<I8>> 35250 -11750 0 975 1000;
5 16 B 9 11;
94 <<B9>> 45250 -12250 0 1275 1000;
5 16 L 19 11;
94 <<L19>> 43250 -15250 320 1650 1000;
5 16 I 9 11;
94 <<I9>> 35250 -21750 0 975 1000;
5 16 B 10 11;
94 <<B10>> 45250 -22250 0 1650 1000;
5 16 L 20 11;
94 <<L20>> 43250 -25250 320 1875 1000;
5 16 I 10 11;
94 <<I10>> 35250 -31750 0 1350 1000;
5 16 B 11 11;
94 <<B11>> 45250 -32250 0 1425 1000;
5 16 B 12 11;
94 <<B12>> 43250 -35250 320 1650 1000;
5 16 L 21 11;
94 <<L21>> 54750 -35250 320 1650 1000;
5 16 L 22 11;
94 <<L22>> 45250 -43750 0 1875 1000;
5 16 R 7 11;
94 <<R7>> 61250 -46500 0 1275 1000;
5 16 L 23 11;
94 <<L23>> 45250 -47750 0 1875 1000;
L MODL;
5 16 B 0 1;
94 <<jjSFQ1>> 51750 9250 320 3300 1000;
5 16 B 1 1;
94 <<jjSFQ1>> 6750 8250 320 3300 1000;
5 16 B 2 1;
94 <<jjSFQ1>> 56750 6750 256 3300 1000;
5 16 B 3 1;
94 <<jjSFQ1>> 66750 6750 256 3300 1000;
5 16 B 4 1;
94 <<jjSFQ1>> 76750 6750 256 3300 1000;
5 16 B 5 1;
94 <<jjSFQ1>> 11750 5750 256 3300 1000;
5 16 B 6 1;
94 <<jjSFQ1>> 21750 5750 256 3300 1000;
5 16 B 7 1;
94 <<jjSFQ1>> 31750 5750 256 3300 1000;
5 16 B 8 1;
94 <<jjHys>> 98750 -5250 256 2850 1000;
5 16 B 9 1;
94 <<jjSFQ1>> 54750 -15750 320 3300 1000;
5 16 B 10 1;
94 <<jjSFQ1>> 54750 -25750 320 3300 1000;
5 16 B 12 1;
94 <<jjSFQ1>> 46750 -34250 256 3300 1000;
5 16 B 11 1;
94 <<jjSFQ1>> 54750 -35750 320 3300 1000;
L VALU;
5 16 V 0 2;
94 <<pwl(0 1e5 0.2ns 1e5 0.3ns 0)>> 29750 31750 33088 14775 1000;
5 16 R 0 2;
94 <<1>> 5750 27750 33088 450 1000;
5 16 I 4 2;
94 <<pwl(0 0 0.1ns 0 0.19ns 10u)>> -13750 13250 33025 13950 1000;
5 16 I 1 2;
94 <<pwl(0 0 0.09n 0 0.1ns 36u)>> 67000 13250 33025 13800 1000;
5 16 I 2 2;
94 <<pwl(0 0 0.09n 0 0.1ns 35u)>> 77250 13250 33025 13800 1000;
5 16 I 3 2;
94 <<pwl(0 0 0.09n 0 0.1ns 35u)>> 99250 13250 33025 13800 1000;
5 16 I 0 2;
94 <<pwl(0 0 0.09n 0 0.1n 73u)>> 57250 13250 33025 13200 1000;
5 16 I 6 2;
94 <<pwl(0 0 0.09n 0 0.1ns 36u)>> 22000 12250 33025 13800 1000;
5 16 I 7 2;
94 <<pwl(0 0 0.09n 0 0.1ns 35u)>> 32250 12250 33025 13800 1000;
5 16 I 5 2;
94 <<pwl(0 0 0.09n 0 0.1n 72u)>> 12250 12250 33025 13200 1000;
5 16 V 1 2;
94 <<pwl(0 0 4.999n 0 5n 5e3 5.2n 5e3 5.201n 0)>> -25750 -11750 33025 23025 1000;
5 16 L 0 2;
94 <<200p>> 64750 10750 33088 2475 1000;
5 16 L 1 2;
94 <<77.5p>> 74750 10750 33088 2700 1000;
5 16 L 2 2;
94 <<1f>> 84750 10750 33088 975 1000;
5 16 L 3 2;
94 <<100n>> -6250 9750 33088 2250 1000;
5 16 L 4 2;
94 <<200p>> 19750 9750 33088 2475 1000;
5 16 L 5 2;
94 <<77.5p>> 29750 9750 33088 2700 1000;
5 16 L 6 2;
94 <<50n>> 39750 9750 33088 1875 1000;
5 16 L 14 2;
94 <<0p>> 88750 7750 33024 1275 1000;
5 16 R 1 2;
94 <<1>> -20500 6750 33024 450 1000;
5 16 K 4 14;
94 <<K4=1>> 40663 5000 0 2175 1000;
5 16 L 9 2;
94 <<100n>> -15750 5750 33024 2250 1000;
5 16 K 5 14;
94 <<K5=1>> -3975 4500 0 2175 1000;
5 16 L 10 2;
94 <<250p>> -6750 4250 33026 2475 1000;
5 16 L 7 2;
94 <<20p>> 45250 4750 33024 1875 1000;
5 16 L 8 2;
94 <<1f>> 107250 4750 33024 975 1000;
5 16 K 1 14;
94 <<K1=-1>> 90613 3000 0 2550 1000;
5 16 L 11 2;
94 <<20p>> 250 3750 33024 1875 1000;
5 16 L 12 2;
94 <<200p>> 40250 3750 33024 2475 1000;
5 16 L 13 2;
94 <<400p>> 97250 2750 33024 2475 1000;
5 16 L 15 2;
94 <<20p>> 51750 2250 33088 1875 1000;
5 16 L 16 2;
94 <<20p>> 6750 1250 33088 1875 1000;
5 16 K 3 14;
94 <<K3=1>> 52913 -2000 0 2175 1000;
5 16 R 2 2;
94 <<R=v(1)+0.1004>> 39750 -1250 33088 6375 1000;
5 16 R 3 2;
94 <<R=v(5)+1e-6>> -14750 -7500 33025 5775 1000;
5 16 I 8 2;
94 <<pwl(0 0 0.09n 0 0.1ns 35u)>> 29750 -4250 33089 13800 1000;
5 16 L 17 2;
94 <<20p>> 54750 -4250 33088 1875 1000;
5 16 R 5 2;
94 <<R=v(1)+4.008>> -6250 -7500 33088 6000 1000;
5 16 L 18 2;
94 <<57.5p>> 45250 -8250 33024 2700 1000;
5 16 R 4 2;
94 <<R=v(1)+1.55e-3>> 56250 -9250 33024 6975 1000;
5 16 R 6 2;
94 <<R=v(1)+1>> 106750 -12250 33088 3750 1000;
5 16 L 19 2;
94 <<77.5p>> 45250 -14250 33024 2700 1000;
5 16 I 9 2;
94 <<pwl(0 0 0.09n 0 0.1ns 36u)>> 33000 -17250 33089 13800 1000;
5 16 L 20 2;
94 <<200p>> 45250 -24250 33024 2475 1000;
5 16 I 10 2;
94 <<pwl(0 0 0.09n 0 0.1n 73u)>> 30750 -33250 33089 13200 1000;
5 16 L 21 2;
94 <<20p>> 56750 -34250 33024 1875 1000;
5 16 L 22 2;
94 <<20p>> 54750 -45750 33088 1875 1000;
5 16 K 2 14;
94 <<K2=1>> 48913 -47250 0 2175 1000;
5 16 R 7 2;
94 <<R=v(1)+1.55e-3>> 70750 -49250 33088 6975 1000;
5 16 L 23 2;
94 <<77.5p>> 54750 -49750 33088 2700 1000;
L PARM;
5 16 B 0 3;
94 <<area=40>> 48250 8250 33024 4200 1000;
5 16 B 1 3;
94 <<area=40>> 3250 7250 33024 4200 1000;
5 16 B 2 3;
94 <<area=40>> 56750 4250 32768 4200 1000;
5 16 B 3 3;
94 <<area=40>> 66750 4250 32768 4200 1000;
5 16 B 4 3;
94 <<area=40>> 76750 4250 32768 4200 1000;
5 16 B 5 3;
94 <<area=40>> 11750 3250 32768 4200 1000;
5 16 B 6 3;
94 <<area=40>> 21750 3250 32768 4200 1000;
5 16 B 7 3;
94 <<area=40>> 31750 3250 32768 4200 1000;
5 16 B 8 3;
94 <<area=40>> 98750 -7750 32768 4200 1000;
5 16 B 9 3;
94 <<area=40>> 45250 -16750 33024 4200 1000;
5 16 B 10 3;
94 <<area=40>> 45250 -26750 33024 4200 1000;
5 16 B 11 3;
94 <<area=40>> 45250 -36750 33024 4200 1000;
5 16 B 12 3;
94 <<area=40>> 46750 -43750 32768 4200 1000;
DF;
E
* Generated by Xic from cell neuron__4jj__single_pulse
.tran 10p 200n
.plot tran L10#branch L6#branch L14#branch L17#branch
B0 9 16 32 jjSFQ1 area=40
B1 13 18 33 jjSFQ1 area=40
B2 9 20 34 jjSFQ1 area=40
B3 10 0 35 jjSFQ1 area=40
B4 11 0 36 jjSFQ1 area=40
B5 13 22 37 jjSFQ1 area=40
B6 14 0 38 jjSFQ1 area=40
B7 15 0 39 jjSFQ1 area=40
B8 24 0 40 jjHys area=40
B9 27 0 41 jjSFQ1 area=40
B10 28 0 42 jjSFQ1 area=40
B11 29 30 43 jjSFQ1 area=40
B12 29 31 44 jjSFQ1 area=40
I0 0 9 pwl(0 0 0.09n 0 0.1n 73u)
I1 0 10 pwl(0 0 0.09n 0 0.1ns 36u)
I2 0 11 pwl(0 0 0.09n 0 0.1ns 35u)
I3 0 3 pwl(0 0 0.09n 0 0.1ns 35u)
I4 0 12 pwl(0 0 0.1ns 0 0.19ns 10u)
I5 0 13 pwl(0 0 0.09n 0 0.1n 72u)
I6 0 14 pwl(0 0 0.09n 0 0.1ns 36u)
I7 0 15 pwl(0 0 0.09n 0 0.1ns 35u)
I8 0 27 pwl(0 0 0.09n 0 0.1ns 35u)
I9 0 28 pwl(0 0 0.09n 0 0.1ns 36u)
I10 0 29 pwl(0 0 0.09n 0 0.1n 73u)
K1 L14 L13 -1
K2 L23 L22 1
K3 L17 L15 1
K4 L12 L7 1
K5 L10 L11 1
L0 9 10 200p
L1 10 11 77.5p
L2 11 2 1f
L3 12 17 100n
L4 13 14 200p
L5 14 15 77.5p
L6 15 19 50n
L7 16 0 20p
L8 3 4 1f
L9 12 21 100n
L10 17 6 250p
L11 18 0 20p
L12 19 23 200p
L13 3 24 400p
L14 2 7 0p
L15 20 0 20p
L16 22 0 20p
L17 26 25 20p
L18 27 26 57.5p
L19 28 27 77.5p
L20 29 28 200p
L21 30 0 20p
L22 31 0 20p
L23 0 8 77.5p
R0 1 0 1
R1 0 5 1
R2 23 0 R=v(1)+0.1004
R3 21 0 R=v(5)+1e-6
R4 25 0 R=v(1)+1.55e-3
R5 0 6 R=v(1)+4.008
R6 4 0 R=v(1)+1
R7 7 8 R=v(1)+1.55e-3
V0 1 0 pwl(0 1e5 0.2ns 1e5 0.3ns 0)
V1 5 0 pwl(0 0 4.999n 0 5n 5e3 5.2n 5e3 5.201n 0)
.model jjHys jj(rtype=0, cct=1, vg=2.8m, icrit=1u, cap= 5f, vshunt=0.811mV)
.model jjSFQ1 jj(rtype=0, cct=1, vg=2.8m, icrit=1u, cap= 5f, vshunt=0.25mV)
.save @I5[c]
.save @I4[c]
.save @I7[c]
.save @I9[c]
.save @I0[c]
.save @I1[c]
.save @I2[c]
.save @I3[c]
.save @I6[c]
.save @I8[c]
.save @I10[c]
